#名前,"性別(0=両,1=男,2=女)","タイプ(0=両方,1=剣士,2=ガンナー)",レア度,スロット数,入手時期／集☆（99=集入手不可）,入手時期／村☆（99=村入手不可）,入手時期集村(0=or/1=and),初期防御力,最終防御力,火耐性,水耐性,雷耐性,氷耐性,龍耐性,スキル系統1,スキル値1,スキル系統2,スキル値2,スキル系統3,スキル値3,スキル系統4,スキル値4,スキル系統5,スキル値5,生産素材1,個数,生産素材2,個数,生産素材3,個数,生産素材4,個数
レザーグラブ,0,0,1,1,1,1,0,1,34,0,0,0,0,0,気まぐれ,3,,,,,,,,,暖かい毛皮,2,,,,,,
チェーングラブ,0,0,1,1,1,1,0,2,35,0,0,1,0,0,体力,2,,,,,,,,,鉄鉱石,1,砥石,2,,,,
ベルダーアーム,0,0,1,1,1,1,0,2,35,0,1,0,0,0,加護,2,,,,,,,,,暖かい毛皮,1,セッチャクロアリ,2,,,,
ハントアーム,0,1,1,0,1,1,0,2,68,1,0,0,0,0,千里眼,5,,,,,,,,,鉄鉱石,2,暖かい毛皮,1,,,,
ハントガード,0,2,1,0,1,1,0,1,34,2,0,0,0,0,千里眼,4,,,,,,,,,鉄鉱石,2,暖かい毛皮,1,,,,
マフモフミトン,0,0,1,2,1,1,0,2,35,-1,0,0,2,0,耐寒,2,,,,,,,,,暖かい毛皮,2,ガウシカの角,2,,,,
ユクモノコテ,0,0,1,1,1,1,0,2,35,0,0,1,0,0,達人,2,回避性能,1,,,,,,,ユクモの木,2,ツタの葉,1,,,,
ハンターアーム,0,1,1,1,1,1,0,6,72,0,0,0,0,0,高速設置,3,,,,,,,,,ファンゴの毛皮,1,大地の結晶,1,ツタの葉,3,,
ハンターガード,0,2,1,1,1,1,0,3,36,0,0,0,0,0,高速設置,2,,,,,,,,,ファンゴの毛皮,1,大地の結晶,1,ツタの葉,3,,
ボーンアーム,0,1,1,2,1,1,0,6,72,0,0,0,-1,0,KO,2,,,,,,,,,獣骨,3,とがった爪,2,マッカォの鱗,1,,
ボーンガード,0,2,1,2,1,1,0,3,36,0,0,0,-1,0,KO,2,,,,,,,,,獣骨,3,とがった爪,2,マッカォの鱗,1,,
狩人の革篭手,0,1,1,1,1,1,0,6,72,0,1,0,0,0,野草知識,3,,,,,,,,,ガウシカの角,2,暖かい毛皮,3,鉄鉱石,1,,
狩人の革手袋,0,2,1,1,1,1,0,3,36,0,1,0,0,0,野草知識,3,,,,,,,,,ガウシカの角,2,暖かい毛皮,3,鉄鉱石,1,,
跳狗竜の革篭手,0,1,1,0,1,1,0,6,72,0,0,1,0,0,減気攻撃,4,,,,,,,,,マッカォの皮,3,マッカォの鱗,1,ツタの葉,2,,
跳狗竜の革手袋,0,2,1,0,1,1,0,3,36,0,0,1,0,0,減気攻撃,4,,,,,,,,,マッカォの皮,3,マッカォの鱗,1,ツタの葉,2,,
狗竜の革篭手,0,1,1,0,1,1,0,6,72,0,0,0,1,0,達人,4,,,,,,,,,ジャギィの皮,3,ジャギィの鱗,1,鉄鉱石,2,,
狗竜の革手袋,0,2,1,0,1,1,0,3,36,0,0,0,1,0,達人,4,,,,,,,,,ジャギィの皮,3,ジャギィの鱗,1,鉄鉱石,2,,
ジャギィアーム,0,1,1,1,1,1,0,6,72,-2,0,0,0,0,火属性攻撃,3,,,,,,,,,ジャギィの鱗,3,竜骨【小】,4,キラビートル,2,大地の結晶,2
ジャギィガード,0,2,1,1,1,1,0,3,36,-2,0,0,0,0,火属性攻撃,2,,,,,,,,,ジャギィの鱗,3,竜骨【小】,4,キラビートル,2,大地の結晶,2
マッカォアーム,0,1,1,2,1,1,0,8,74,-2,0,0,0,0,跳躍,1,,,,,,,,,マッカォの鱗,4,マッカォの皮,3,キラビートル,1,,
マッカォガード,0,2,1,2,1,1,0,4,37,-2,1,1,1,1,跳躍,1,,,,,,,,,マッカォの鱗,4,マッカォの皮,3,キラビートル,1,,
ランポスアーム,0,1,1,1,1,2,0,8,74,0,0,0,-2,0,水属性攻撃,4,,,,,,,,,ランポスの大爪,2,ランポスの大皮,3,ランポスの鱗,2,大地の結晶,3
ランポスガード,0,2,1,1,1,2,0,4,37,0,1,1,-2,0,水属性攻撃,4,,,,,,,,,ランポスの大爪,2,ランポスの大皮,3,ランポスの鱗,2,大地の結晶,3
ギアノスアーム,0,1,1,1,1,2,0,8,74,0,0,-1,2,0,だるま,2,睡眠,-2,,,,,,,ギアノスの鱗,2,ギアノスの皮,2,円盤石,1,暖かい毛皮,1
ギアノスガード,0,2,1,1,1,2,0,4,37,0,0,-1,3,0,だるま,2,睡眠,-2,,,,,,,ギアノスの鱗,2,ギアノスの皮,2,円盤石,1,暖かい毛皮,1
ゲネポスアーム,0,1,1,1,1,2,0,10,76,0,0,1,-2,0,麻痺,3,毒,-3,,,,,,,ゲネポスの大皮,2,ゲネポスの大牙,2,鉄鉱石,2,ゲネポスの麻痺牙,5
ゲネポスガード,0,2,1,1,1,2,0,5,38,1,0,2,-2,0,麻痺,3,毒,-3,,,,,,,ゲネポスの大皮,2,ゲネポスの大牙,2,鉄鉱石,2,ゲネポスの麻痺牙,5
ランゴアーム,0,1,1,1,2,3,0,10,76,-2,1,1,1,2,納刀,3,,,,,,,,,ランゴスタの羽,3,鉄鉱石,3,大地の結晶,2,,
ランゴガード,0,2,1,1,2,3,0,5,38,-2,2,2,2,3,納刀,3,,,,,,,,,ランゴスタの羽,3,鉄鉱石,3,大地の結晶,2,,
タロスアーム,0,1,1,2,1,3,0,10,76,-1,-1,-1,-1,4,龍耐性,3,,,,,,,,,カンタロスの羽,3,カンタロスの甲殻,3,鉄鉱石,5,モンスターの体液,1
タロスガード,0,2,1,2,1,3,0,5,38,-1,-1,-1,-1,6,龍耐性,3,,,,,,,,,カンタロスの羽,3,カンタロスの甲殻,3,鉄鉱石,5,モンスターの体液,1
ブナハグローブ,0,1,1,1,1,3,0,10,76,-2,0,0,0,2,斬れ味,2,火耐性,-2,,,,,,,飛甲虫の羽,3,飛甲虫の甲殻,2,雷光虫,1,キラビートル,2
ブナハカフス,0,2,1,1,1,3,0,5,38,-2,1,1,1,3,弾薬節約,2,火耐性,-2,,,,,,,飛甲虫の羽,3,飛甲虫の甲殻,2,雷光虫,1,キラビートル,2
クンチュウアーム,0,1,1,0,1,1,0,12,78,0,1,1,1,1,ガード性能,4,体術,-2,,,,,,,盾虫の甲殻,5,とがった牙,3,鉄鉱石,2,セッチャクロアリ,1
クンチュウガード,0,2,1,0,1,1,0,6,39,0,2,2,2,2,精密射撃,4,体術,-2,,,,,,,盾虫の甲殻,5,とがった牙,3,鉄鉱石,2,セッチャクロアリ,1
モスパンチ,0,0,1,1,1,1,0,5,38,0,0,0,0,0,食いしん坊,4,,,,,,,,,モスの苔皮,1,ファンゴの毛皮,3,セッチャクロアリ,2,,
リノプロアーム,0,1,1,2,1,2,0,12,78,2,0,0,-2,0,水属性攻撃,2,,,,,,,,,草食竜の甲殻,2,竜骨【中】,4,氷結晶,2,,
リノプロガード,0,2,1,2,1,2,0,6,39,3,0,0,-2,0,水属性攻撃,2,,,,,,,,,草食竜の甲殻,2,竜骨【中】,4,氷結晶,2,,
ファンゴアーム,0,1,1,1,1,2,0,12,78,0,2,-2,1,0,攻撃,3,,,,,,,,,大猪の皮,2,大猪の牙,1,鉄鉱石,8,,
ファンゴガード,0,2,1,1,1,2,0,6,39,0,3,-2,1,0,攻撃,2,,,,,,,,,大猪の皮,2,大猪の牙,1,鉄鉱石,8,,
アシラアーム,0,1,1,0,2,2,0,14,80,-2,0,-2,0,0,防御,3,ハチミツ,3,攻撃,-3,,,,,青熊獣の甲殻,2,青熊獣の腕甲,1,青熊獣の毛,2,甲虫の腹袋,2
アシラガード,0,2,1,0,2,2,0,7,40,-2,0,-2,0,0,防御,3,ハチミツ,2,攻撃,-3,,,,,青熊獣の甲殻,2,青熊獣の腕甲,1,青熊獣の毛,2,甲虫の腹袋,2
ガレオスアーム,0,1,1,1,1,2,0,14,80,2,0,0,-3,0,耐暑,2,耐寒,-2,,,,,,,砂竜のヒレ,2,砂竜の牙,2,円盤石,6,モンスターの体液,1
ガレオスガード,0,2,1,1,1,2,0,7,40,2,0,0,-3,0,耐暑,2,耐寒,-2,,,,,,,砂竜のヒレ,2,砂竜の牙,2,円盤石,6,モンスターの体液,1
ブレイブグラブ,0,0,2,0,3,4,0,8,39,0,0,0,0,0,乗り,5,,,,,,,,,ベルナチケット,1,ドラグライト鉱石,2,暖かい毛皮,1,ランポスの鱗,2
アロイアーム,0,1,2,0,2,3,0,12,74,-1,0,-1,-1,0,研ぎ師,4,風圧,2,,,,,,,ベアライト石,2,マカライト鉱石,2,鉄鉱石,4,,
アロイガード,0,2,2,0,2,3,0,6,37,-1,0,-1,-1,0,装填速度,4,風圧,2,,,,,,,ベアライト石,2,マカライト鉱石,2,鉄鉱石,4,,
バトルアーム,0,1,2,1,3,4,0,12,74,1,-1,-1,0,0,攻撃,2,ガード性能,1,,,,,,,翼蛇竜の皮,1,暖かい毛皮,1,ブランゴの毛,5,大地の結晶,2
バトルガード,0,2,2,1,3,4,0,6,37,2,-1,-1,0,0,攻撃,2,反動,1,,,,,,,翼蛇竜の皮,1,暖かい毛皮,1,ブランゴの毛,5,大地の結晶,2
インゴットアーム,0,1,2,0,3,4,0,14,76,-1,-1,1,0,0,氷属性攻撃,5,,,,,,,,,ドラグライト鉱石,2,ライトクリスタル,2,ベアライト石,2,マカライト鉱石,5
インゴットガード,0,2,2,0,3,4,0,7,38,-1,-1,2,0,0,氷属性攻撃,4,,,,,,,,,ドラグライト鉱石,2,ライトクリスタル,2,ベアライト石,2,マカライト鉱石,5
ハイメタアーム,0,1,2,0,3,4,0,14,76,0,-1,2,-1,0,聴覚保護,2,雷耐性,2,加護,-1,,,,,ドラグライト鉱石,3,マカライト鉱石,2,鉄鉱石,4,とがった爪,2
ハイメタガード,0,2,2,0,3,4,0,7,38,0,-1,3,-1,0,聴覚保護,2,雷耐性,2,加護,-1,,,,,ドラグライト鉱石,3,マカライト鉱石,2,鉄鉱石,4,とがった爪,2
メルホアラーマ,0,1,2,0,1,3,0,12,74,0,1,1,0,0,野草知識,3,採取,3,,,,,,,ドスビスカス,1,ライトクリスタル,1,セッチャクロアリ,3,ネンチャク草,4
メルホアアスト,0,2,2,0,1,3,0,6,37,0,1,1,0,0,野草知識,3,採取,3,,,,,,,ドスビスカス,1,ライトクリスタル,1,セッチャクロアリ,3,ネンチャク草,4
マカルパスリーブ,0,1,2,0,1,2,0,14,76,1,2,-2,0,0,効果持続,5,,,,,,,,,春夜鯉,1,砂竜の鱗,3,バクレツアロワナ,5,調合書①入門編,1
マカルパヴァント,0,2,2,0,1,2,0,7,38,1,3,-2,0,0,効果持続,5,,,,,,,,,春夜鯉,1,砂竜の鱗,3,バクレツアロワナ,5,調合書①入門編,1
オウビートマーノ,1,1,2,0,2,4,0,18,80,2,-2,2,-2,3,攻撃,5,,,,,,,,,オオツノアゲハ,1,ベアライト石,1,セッチャクロアリ,6,麻痺袋,2
オウビートブラッソ,1,2,2,0,2,4,0,9,40,3,-2,2,-2,4,攻撃,5,,,,,,,,,オオツノアゲハ,1,ベアライト石,1,セッチャクロアリ,6,麻痺袋,2
パピメルマーノ,2,1,2,0,2,4,0,18,80,2,-2,2,-2,3,攻撃,5,,,,,,,,,オオツノアゲハ,1,ベアライト石,1,セッチャクロアリ,6,麻痺袋,2
パピメルブラッソ,2,2,2,0,2,4,0,9,40,3,-2,2,-2,4,攻撃,5,,,,,,,,,オオツノアゲハ,1,ベアライト石,1,セッチャクロアリ,6,麻痺袋,2
デスギアファオスト,0,1,2,1,2,3,0,16,78,2,1,1,-1,0,狂撃耐性,3,回避性能,-1,,,,,,,禍々しい布,1,イーオスの紫鱗,2,とがった爪,4,セッチャクロアリ,2
デスギアベギアデ,0,2,2,1,2,3,0,8,39,3,1,1,-1,0,狂撃耐性,2,回避性能,-1,,,,,,,禍々しい布,1,イーオスの紫鱗,2,とがった爪,4,セッチャクロアリ,2
マギュルラーマ,0,1,2,1,2,3,0,14,76,-3,1,0,2,0,溜め短縮,2,体術,-1,,,,,,,ペピポパンプキン,1,カワズの油,1,ツラヌキの実,10,トウガラシ,10
マギュルアスト,0,2,2,1,2,3,0,7,38,-3,2,0,3,0,溜め短縮,2,体術,-1,,,,,,,ペピポパンプキン,1,カワズの油,1,ツラヌキの実,10,トウガラシ,10
エーデルラーマ,0,1,2,1,1,3,0,14,76,-1,3,-1,0,0,野草知識,4,,,,,,,,,星見の花,1,水袋,1,クモの巣,8,ユクモの木,1
エーデルアスト,0,2,2,1,1,3,0,7,38,-1,4,-1,0,0,野草知識,4,,,,,,,,,星見の花,1,水袋,1,クモの巣,8,ユクモの木,1
スカルダマーノ,1,1,2,0,1,1,0,18,80,3,-1,-1,-1,3,特殊会心,4,攻撃,-2,,,,,,,毒クモリ,1,甲虫の大顎,2,麻痺袋,2,雷光虫,4
スカルダブラッソ,1,2,2,0,1,1,0,9,40,4,-1,-1,-1,3,特殊会心,3,攻撃,-2,,,,,,,毒クモリ,1,甲虫の大顎,2,麻痺袋,2,雷光虫,4
スパイオマーノ,2,1,2,0,1,1,0,18,80,3,-1,-1,-1,3,特殊会心,4,攻撃,-2,,,,,,,毒クモリ,1,甲虫の大顎,2,麻痺袋,2,雷光虫,4
スパイオブラッソ,2,2,2,0,1,1,0,9,40,4,-1,-1,-1,3,特殊会心,3,攻撃,-2,,,,,,,毒クモリ,1,甲虫の大顎,2,麻痺袋,2,雷光虫,4
ムーファグラブ,0,1,2,0,1,3,0,14,76,-1,0,2,3,0,雷属性攻撃,5,,,,,,,,,雲羊鹿の角,1,雲羊鹿の毛玉,2,暖かい毛皮,2,,
ムーファカフス,0,2,2,0,1,3,0,7,38,-1,0,3,4,0,雷属性攻撃,5,,,,,,,,,雲羊鹿の角,1,雲羊鹿の毛玉,2,暖かい毛皮,2,,
ランポスーツグラブ,0,1,2,0,3,4,0,10,72,1,2,1,1,1,運気,2,加護,-2,,,,,,,ランポスの大爪,2,ドラグライト鉱石,2,ランポスの皮,5,ブランゴの毛,4
ランポスーツハンド,0,2,2,0,3,4,0,5,36,1,3,1,1,1,運気,2,加護,-2,,,,,,,ランポスの大爪,2,ドラグライト鉱石,2,ランポスの皮,5,ブランゴの毛,4
ゲネポスーツグラブ,0,1,2,0,3,4,0,10,72,1,1,2,1,1,運気,2,加護,-2,,,,,,,ゲネポスの大牙,2,ドスヘラクレス,2,ゲネポスの皮,5,とがった爪,4
ゲネポスーツハンド,0,2,2,0,3,4,0,5,36,1,1,3,1,1,運気,2,加護,-2,,,,,,,ゲネポスの大牙,2,ドスヘラクレス,2,ゲネポスの皮,5,とがった爪,4
イーオスーツグラブ,0,1,2,0,3,4,0,10,72,2,1,1,1,1,運気,2,加護,-2,,,,,,,イーオスの紫鱗,2,溶岩獣の鱗,2,イーオスの皮,5,カワズの油,1
イーオスーツハンド,0,2,2,0,3,4,0,5,36,3,1,1,1,1,運気,2,加護,-2,,,,,,,イーオスの紫鱗,2,溶岩獣の鱗,2,イーオスの皮,5,カワズの油,1
ガブラスーツグラブ,0,1,2,0,3,4,0,10,72,1,1,1,1,2,運気,2,加護,-2,,,,,,,翼蛇竜の皮,4,モンスターの体液,3,ドラグライト鉱石,2,カラ骨,5
ガブラスーツハンド,0,2,2,0,3,4,0,5,36,1,1,1,1,3,運気,2,加護,-2,,,,,,,翼蛇竜の皮,4,モンスターの体液,3,ドラグライト鉱石,2,カラ骨,5
イーオスアーム,0,1,2,0,2,3,0,14,76,2,-1,-1,0,0,毒,2,観察眼,2,気絶,-2,,,,,イーオスの紫鱗,2,毒袋,3,イーオスの皮,4,鉄鉱石,2
イーオスガード,0,2,2,0,2,3,0,7,38,3,-1,-1,0,0,毒,2,観察眼,2,気絶,-2,,,,,イーオスの紫鱗,2,毒袋,3,イーオスの皮,4,鉄鉱石,2
クックアーム,0,1,2,0,1,3,0,16,78,4,-1,0,-3,0,火属性攻撃,7,,,,,,,,,怪鳥の甲殻,2,怪鳥の鱗,3,怪鳥の翼膜,2,,
クックガード,0,2,2,0,1,3,0,8,39,5,-1,0,-3,0,火属性攻撃,7,,,,,,,,,怪鳥の甲殻,2,怪鳥の鱗,3,怪鳥の翼膜,2,,
ウルクアーム,0,1,2,1,1,3,0,14,76,-3,1,0,4,0,だるま,4,回避性能,1,体力,-1,,,,,白兎獣の氷爪,2,白兎獣の毛,2,白兎獣の腹甲,1,暖かい毛皮,4
ウルクガード,0,2,2,1,1,3,0,7,38,-3,1,0,5,0,だるま,3,回避性能,1,体力,-1,,,,,白兎獣の氷爪,2,白兎獣の毛,2,白兎獣の腹甲,1,暖かい毛皮,4
ゲリョスアーム,0,1,2,0,1,3,0,16,78,-3,1,4,-1,0,毒,4,スタミナ,1,腹減り,-1,,,,,ゴム質の皮,3,毒袋,1,大地の結晶,2,マカライト鉱石,1
ゲリョスガード,0,2,2,0,1,3,0,8,39,-3,1,5,-1,0,毒,4,スタミナ,1,腹減り,-1,,,,,ゴム質の皮,3,毒袋,1,大地の結晶,2,マカライト鉱石,1
カブラアーム,0,1,2,0,1,3,0,18,80,2,-3,-1,0,1,体力,5,,,,,,,,,鬼蛙の爪,1,鬼蛙の甲殻,2,鬼蛙の鱗,2,カワズの油,2
カブラガード,0,2,2,0,1,3,0,9,40,3,-3,-1,0,1,体力,5,,,,,,,,,鬼蛙の爪,1,鬼蛙の甲殻,2,鬼蛙の鱗,2,カワズの油,2
ザザミアーム,0,1,2,2,1,3,0,20,82,-1,3,-3,0,1,防御,2,ガード性能,1,体術,-1,,,,,盾蟹の爪,1,盾蟹の甲殻,2,マカライト鉱石,2,とがった爪,4
ザザミガード,0,2,2,2,1,3,0,10,41,-1,4,-3,0,1,防御,2,反動,1,装填速度,-1,,,,,盾蟹の爪,1,盾蟹の甲殻,2,マカライト鉱石,2,とがった爪,4
ラングロアーム,0,1,2,1,3,4,0,18,80,2,-3,0,-1,1,細菌学,2,溜め短縮,1,気力回復,-2,,,,,赤甲獣の爪,2,赤甲獣の蛇腹甲,2,大きな骨,2,溶岩獣の鱗,4
ラングロガード,0,2,2,1,3,4,0,9,40,3,-3,0,-1,1,細菌学,2,溜め短縮,1,気力回復,-2,,,,,赤甲獣の爪,2,赤甲獣の蛇腹甲,2,大きな骨,2,溶岩獣の鱗,4
ルドロスアーム,0,1,2,0,1,3,0,18,80,-3,4,-1,0,0,腹減り,4,気力回復,1,,,,,,,水獣の爪,1,水獣の鱗,2,海綿質の皮,2,水袋,2
ルドロスガード,0,2,2,0,1,3,0,9,40,-3,5,-1,0,0,腹減り,4,気力回復,1,,,,,,,水獣の爪,1,水獣の鱗,2,海綿質の皮,2,水袋,2
ホロロアーム,0,1,2,1,2,4,0,18,80,-2,-2,1,1,0,痛撃,2,睡眠,1,,,,,,,夜鳥の羽鱗,3,夜鳥の翼膜,2,マカライト鉱石,3,暖かい毛皮,4
ホロロガード,0,2,2,1,2,4,0,9,40,-1,-2,1,1,0,痛撃,2,睡眠,1,,,,,,,夜鳥の羽鱗,3,夜鳥の翼膜,2,マカライト鉱石,3,暖かい毛皮,4
フルフルアーム,0,1,2,2,2,3,0,18,80,-4,1,4,2,1,回復速度,1,,,,,,,,,ブヨブヨした皮,2,電気袋,1,鉄鉱石,6,雷光虫,1
フルフルガード,0,2,2,2,2,3,0,9,40,-4,1,5,2,1,回復速度,1,,,,,,,,,ブヨブヨした皮,2,電気袋,1,鉄鉱石,6,雷光虫,1
レイアアーム,0,1,2,0,3,4,0,20,82,3,0,-2,0,-3,体力,3,回復量,1,回復速度,-1,,,,,火竜の翼爪,2,雌火竜の甲殻,2,雌火竜の棘,1,ドラグライト鉱石,3
レイアガード,0,2,2,0,3,4,0,10,41,4,0,-2,0,-3,体力,3,回復量,1,回復速度,-1,,,,,火竜の翼爪,2,雌火竜の甲殻,2,雌火竜の棘,1,ドラグライト鉱石,3
ハプルアーム,0,1,2,1,2,3,0,20,82,2,0,-1,-3,1,食いしん坊,2,食事,1,回復量,-1,,,,,潜口竜の爪,2,潜口竜の甲殻,2,鮮やかな体液,4,甲虫の大顎,3
ハプルガード,0,2,2,1,2,3,0,10,41,3,0,-1,-3,1,食いしん坊,2,食事,1,回復量,-1,,,,,潜口竜の爪,2,潜口竜の甲殻,2,鮮やかな体液,4,甲虫の大顎,3
ブランゴアーム,0,1,2,1,2,4,0,18,80,-4,1,0,4,0,氷属性攻撃,2,体術,2,スタミナ,-1,,,,,雪獅子の毛,4,ギアノスの皮,3,とがった爪,2,怪鳥の翼膜,1
ブランゴガード,0,2,2,1,2,4,0,9,40,-4,1,0,5,0,氷属性攻撃,2,体術,1,スタミナ,-1,,,,,雪獅子の毛,4,ギアノスの皮,3,とがった爪,2,怪鳥の翼膜,1
ギザミアーム,0,1,2,1,2,4,0,20,82,1,2,-1,-1,0,斬れ味,4,雷耐性,-2,,,,,,,鎌蟹の爪,1,鎌蟹の甲殻,2,大地の結晶,4,セッチャクロアリ,3
ギザミガード,0,2,2,1,2,4,0,10,41,2,2,-1,-1,0,弾薬節約,4,雷耐性,-2,,,,,,,鎌蟹の爪,1,鎌蟹の甲殻,2,大地の結晶,4,セッチャクロアリ,3
ガララアーム,0,1,2,0,2,4,0,20,82,1,-1,0,-3,1,聴覚保護,2,捕獲,2,加護,-1,,,,,絞蛇竜の牙,3,絞蛇竜の鳴甲,2,麻痺袋,2,ゲネポスの大皮,2
ガララガード,0,2,2,0,2,4,0,10,41,1,-1,1,-3,1,聴覚保護,2,捕獲,2,加護,-1,,,,,絞蛇竜の牙,3,絞蛇竜の鳴甲,2,麻痺袋,2,ゲネポスの大皮,2
ナルガアーム,0,1,2,2,3,4,0,18,80,-2,1,-3,1,1,達人,3,回避距離,1,龍耐性,-2,,,,,迅竜の刃翼,3,迅竜の鱗,3,翼蛇竜の皮,3,青熊獣の毛,6
ナルガガード,0,2,2,2,3,4,0,9,40,-2,1,-2,1,1,達人,2,回避距離,1,龍耐性,-2,,,,,迅竜の刃翼,3,迅竜の鱗,3,翼蛇竜の皮,3,青熊獣の毛,6
サージュグラブ,0,1,2,0,2,3,0,18,80,0,0,0,0,0,細菌学,3,捕獲,1,底力,-2,,,,,雲羊鹿の毛玉,3,首鳴竜の皮,1,海綿質の皮,2,,
サージュカフス,0,2,2,0,2,3,0,9,40,0,0,0,0,0,細菌学,3,捕獲,1,底力,-2,,,,,雲羊鹿の毛玉,3,首鳴竜の皮,1,海綿質の皮,2,,
ヴァイクアーム,0,1,3,1,3,5,0,20,82,0,3,-2,-1,0,水属性攻撃,5,,,,,,,,,ヨロイシダイ,1,上竜骨,1,大地の結晶,3,カクサンデメキン,2
ヴァイクガード,0,2,3,1,3,5,0,10,41,0,4,-2,-1,0,水属性攻撃,5,,,,,,,,,ヨロイシダイ,1,上竜骨,1,大地の結晶,3,カクサンデメキン,2
ロワーガマーノ,1,1,3,1,3,5,0,20,82,-2,0,3,-2,2,気力回復,3,達人,1,,,,,,,オオクワアゲハ,1,溶岩塊,1,ドスヘラクレス,1,にが虫,10
ロワーガブラッソ,1,2,3,1,3,5,0,10,41,-2,0,3,-2,3,気力回復,3,達人,1,,,,,,,オオクワアゲハ,1,溶岩塊,1,ドスヘラクレス,1,にが虫,10
ファルメルマーノ,2,1,3,1,3,5,0,20,82,-2,0,3,-2,2,気力回復,3,達人,1,,,,,,,オオクワアゲハ,1,溶岩塊,1,ドスヘラクレス,1,にが虫,10
ファルメルブラッソ,2,2,3,1,3,5,0,10,41,-2,0,3,-2,3,気力回復,3,達人,1,,,,,,,オオクワアゲハ,1,溶岩塊,1,ドスヘラクレス,1,にが虫,10
アーティアアーム,0,1,3,1,2,3,0,24,86,1,-2,-2,2,3,対防御DOWN,3,雷属性攻撃,3,,,,,,,さびた破片,1,ライトクリスタル,2,大地の結晶,10,石ころ,16
アーティアガード,0,2,3,1,2,3,0,12,43,3,-2,-2,2,3,対防御DOWN,3,雷属性攻撃,3,,,,,,,さびた破片,1,ライトクリスタル,2,大地の結晶,10,石ころ,16
ガルルガアーム,0,1,3,0,2,5,0,22,84,2,-1,2,0,0,聴覚保護,2,剣術,1,水耐性,-2,,,,,黒狼鳥の鱗,5,黒狼鳥の甲殻,4,黒狼鳥の翼,2,上竜骨,1
ガルルガガード,0,2,3,0,2,5,0,11,42,3,-1,2,0,0,聴覚保護,2,変則射撃,1,水耐性,-2,,,,,黒狼鳥の鱗,5,黒狼鳥の甲殻,4,黒狼鳥の翼,2,上竜骨,1
ガンキンアーム,0,1,3,2,3,5,0,26,88,3,-4,0,-1,-2,裂傷,3,抜刀減気,1,,,,,,,爆鎚竜の鱗,3,爆鎚竜の顎,1,溶岩塊,3,紅蓮石,1
ガンキンガード,0,2,3,2,3,5,0,13,44,4,-4,0,-1,-2,裂傷,2,散弾強化,1,,,,,,,爆鎚竜の鱗,3,爆鎚竜の顎,1,溶岩塊,3,紅蓮石,1
レウスアーム,0,1,3,0,3,5,0,24,86,4,0,-2,0,-4,攻撃,4,痛撃,1,防御,-3,,,,,火竜の鱗,4,火竜の尻尾,1,火竜の翼爪,2,ドラグライト鉱石,3
レウスガード,0,2,3,0,3,5,0,12,43,5,0,-2,0,-4,攻撃,4,痛撃,1,防御,-3,,,,,火竜の鱗,4,火竜の尻尾,1,火竜の翼爪,2,ドラグライト鉱石,3
ラギアアーム,0,1,3,0,3,5,0,24,86,-3,2,4,-1,-2,ガード性能,3,気力回復,1,特殊攻撃,-2,,,,,海竜の爪,2,海竜の皮,3,海竜の鱗,4,ドラグライト鉱石,4
ラギアガード,0,2,3,0,3,5,0,12,43,-3,2,5,-1,-2,貫通弾強化,3,気力回復,1,特殊攻撃,-2,,,,,海竜の爪,2,海竜の皮,3,海竜の鱗,4,ドラグライト鉱石,4
ジンオウアーム,0,1,3,1,3,6,0,22,84,0,-1,4,-4,1,本気,3,属性会心,2,氷耐性,-2,,,,,雷狼竜の爪,3,雷狼竜の蓄電殻,3,雷狼竜の帯電毛,2,超電雷光虫,2
ジンオウガード,0,2,3,1,3,6,0,11,42,0,-1,5,-4,1,本気,3,属性会心,2,氷耐性,-2,,,,,雷狼竜の爪,3,雷狼竜の蓄電殻,3,雷狼竜の帯電毛,2,超電雷光虫,2
ミツネアーム,0,1,3,1,3,5,0,20,82,0,2,-3,1,-1,腹減り,2,泡沫,1,雷耐性,-2,,,,,泡狐竜の爪,4,泡狐竜の鱗,2,黒真珠,4,青熊獣の腕甲,2
ミツネガード,0,2,3,1,3,5,0,10,41,0,2,-2,1,-1,泡沫,1,腹減り,1,雷耐性,-2,,,,,泡狐竜の爪,4,泡狐竜の鱗,2,黒真珠,4,青熊獣の腕甲,2
ゼクスアーム,0,1,3,1,3,5,0,24,86,0,-2,3,-3,2,連撃,2,気絶,1,氷耐性,-2,,,,,電竜の棘殻,4,電竜の鋏尾,1,電竜の翼爪,2,電気袋,4
ゼクスガード,0,2,3,1,3,5,0,12,43,0,-2,4,-3,2,気絶,1,連撃,1,氷耐性,-2,,,,,電竜の棘殻,4,電竜の鋏尾,1,電竜の翼爪,2,電気袋,4
ガムートアーム,0,1,3,2,3,5,0,26,88,-3,1,-1,3,2,寒冷適応,1,火耐性,-2,,,,,,,巨獣の甲殻,4,巨獣の鼻棘,3,大きな骨,4,カワズの油,3
ガムートガード,0,2,3,2,3,5,0,13,44,-3,1,-1,4,2,寒冷適応,1,火耐性,-2,,,,,,,巨獣の甲殻,4,巨獣の鼻棘,3,大きな骨,4,カワズの油,3
ディノアーム,0,1,3,0,3,6,0,24,86,3,-3,1,0,-1,剣術,3,研磨術,2,水耐性,-2,,,,,斬竜の炎状殻,2,斬竜の甲殻,4,紅蓮石,3,跳狗竜の赤皮,4
ディノガード,0,2,3,0,3,6,0,12,43,4,-3,1,0,-1,反動,3,研磨術,2,水耐性,-2,,,,,斬竜の炎状殻,2,斬竜の甲殻,4,紅蓮石,3,跳狗竜の赤皮,4
ゴアアーム,0,1,3,0,3,6,0,24,86,-2,2,-1,2,-2,回避性能,3,ガード性能,-2,,,,,,,黒蝕竜の惨爪,2,黒蝕竜の鱗,2,黒蝕竜の甲殻,4,ドラグライト鉱石,5
ゴアガード,0,2,3,0,3,6,0,12,43,-2,3,-1,2,-2,回避性能,3,ガード性能,-2,,,,,,,黒蝕竜の惨爪,2,黒蝕竜の鱗,2,黒蝕竜の甲殻,4,ドラグライト鉱石,5
レギオスアーム,0,1,3,0,3,6,0,24,86,2,0,-3,-2,0,抜刀会心,3,体術,3,スタミナ,-2,,,,,千刃竜の爪,5,千刃竜の翼爪,4,千刃竜の飛刃片,3,ライトクリスタル,2
レギオスガード,0,2,3,0,3,6,0,12,43,4,0,-3,-2,0,射法,3,体術,3,スタミナ,-2,,,,,千刃竜の爪,5,千刃竜の翼爪,4,千刃竜の飛刃片,3,ライトクリスタル,2
レックスアーム,0,1,3,1,3,6,0,24,86,2,0,-3,0,-2,食事,3,聴覚保護,2,回復量,-2,,,,,轟竜の牙,4,轟竜の鱗,3,轟竜の爪,4,マカライト鉱石,5
レックスガード,0,2,3,1,3,6,0,12,43,4,0,-3,0,-2,聴覚保護,2,食事,2,回復量,-2,,,,,轟竜の牙,4,轟竜の鱗,3,轟竜の爪,4,マカライト鉱石,5
キリンアームロング,0,1,3,1,3,6,0,26,88,-1,-1,3,0,2,加護,2,属性攻撃,1,効果持続,-2,,,,,キリンの皮,1,ブヨブヨした皮,2,ゴム質の皮,3,雷光虫,2
キリングローブ,0,2,3,1,3,6,0,13,44,-1,-1,4,0,2,加護,2,属性攻撃,1,効果持続,-2,,,,,キリンの皮,1,ブヨブヨした皮,2,ゴム質の皮,3,雷光虫,2
ブラキアーム,0,1,3,0,3,6,0,24,86,2,-4,0,-2,0,細菌学,4,闘魂,2,乗り,-2,,,,,砕竜の黒曜甲,3,砕竜の拳,2,なぞの粘菌,3,紅蓮石,5
ブラキガード,0,2,3,0,3,6,0,12,43,2,-3,0,-2,0,細菌学,3,闘魂,2,乗り,-2,,,,,砕竜の黒曜甲,3,砕竜の拳,2,なぞの粘菌,3,紅蓮石,5
アークアーム,1,1,3,0,3,6,0,26,88,-2,2,0,2,-4,匠,2,無傷,2,,,,,,,天廻龍の浄爪,2,天廻龍の鱗,2,天廻龍の甲殻,4,ドラグライト鉱石,3
アークガード,1,2,3,0,3,6,0,13,44,-2,2,0,2,-3,通常弾強化,2,無傷,2,,,,,,,天廻龍の浄爪,2,天廻龍の鱗,2,天廻龍の甲殻,4,ドラグライト鉱石,3
フィリアアーム,2,1,3,0,3,6,0,26,88,-2,2,0,2,-4,匠,2,無傷,2,,,,,,,天廻龍の浄爪,2,天廻龍の鱗,2,天廻龍の甲殻,4,ドラグライト鉱石,3
フィリアガード,2,2,3,0,3,6,0,13,44,-2,2,0,2,-3,通常弾強化,2,無傷,2,,,,,,,天廻龍の浄爪,2,天廻龍の鱗,2,天廻龍の甲殻,4,ドラグライト鉱石,3
クシャナハトゥー,0,1,3,0,3,99,0,26,88,-1,2,-2,3,-3,重撃,3,耐暑,2,,,,,,,鋼龍の甲殻,3,鋼龍の爪,1,鋼の龍鱗,3,古龍骨,3
クシャナマカーン,0,2,3,0,3,99,0,13,44,-1,2,-2,5,-3,重撃,3,耐暑,2,,,,,,,鋼龍の甲殻,3,鋼龍の爪,1,鋼の龍鱗,3,古龍骨,3
ミヅハ【大袖】,0,1,3,0,3,99,0,26,88,-5,1,0,2,-3,風圧,2,聴覚保護,1,,,,,,,霞龍の爪,2,霞龍の皮,3,古龍骨,3,黒真珠,5
トヨタマ【大袖】,0,2,3,0,3,99,0,13,44,-4,1,0,2,-3,風圧,2,聴覚保護,1,,,,,,,霞龍の爪,2,霞龍の皮,3,古龍骨,3,黒真珠,5
カイザーアーム,0,1,3,0,3,99,0,26,88,4,-4,1,-1,-3,盗み無効,5,炎熱適応,2,,,,,,,炎王龍の甲殻,3,炎龍の爪,2,紅蓮石,2,古龍の血,1
カイザーガード,0,2,3,0,3,99,0,13,44,4,-3,1,-1,-3,盗み無効,4,炎熱適応,2,,,,,,,炎王龍の甲殻,3,炎龍の爪,2,紅蓮石,2,古龍の血,1
骸装甲【上腕骨】,0,1,3,1,3,99,0,26,88,-1,-1,-1,-1,-2,逆境,2,逆上,2,,,,,,,骸椎骨,2,骸体殻,3,発光する粘液,1,とがった爪,10
屍装甲【上腕骨】,0,2,3,1,3,99,0,13,44,-1,-1,-1,-1,-1,逆境,2,逆上,2,,,,,,,骸椎骨,2,骸体殻,3,発光する粘液,1,とがった爪,10
ブラッククロウ,0,1,3,0,99,5,0,24,86,2,2,2,2,-5,属性耐性,2,溜め短縮,2,,,,,,,黒い塊,1,黒いかけら,1,いにしえの秘薬,1,紅蓮石,1
ブラックフィスト,0,2,3,0,99,5,0,12,43,2,2,2,2,-4,属性耐性,2,溜め短縮,2,,,,,,,黒い塊,1,黒いかけら,1,いにしえの秘薬,1,紅蓮石,1
クロオビアーム,0,1,3,0,3,5,0,22,84,1,1,1,1,1,胴系統倍加,1,,,,,,,,,クロオビチケット,1,フルフルコイン,2,上竜骨,1,,
クロオビガード,0,2,3,0,3,5,0,11,42,1,1,1,1,2,胴系統倍加,1,,,,,,,,,クロオビチケット,1,フルフルコイン,2,上竜骨,1,,
ギルドバードアーム,1,1,3,1,3,5,0,20,82,0,0,0,0,0,号令,2,運気,2,気まぐれ,-2,,,,,龍歴院チケット,1,上竜骨,2,ドラグライト鉱石,3,,
ギルドバードカフス,1,2,3,1,3,5,0,10,41,0,0,0,0,0,号令,2,運気,2,気まぐれ,-2,,,,,龍歴院チケット,1,上竜骨,2,ドラグライト鉱石,3,,
メイドグラブ,2,1,3,1,99,3,0,20,82,0,0,0,0,0,采配,2,運気,2,気まぐれ,-2,,,,,ココットチケット,1,ブヨブヨした皮,4,ファンゴの毛皮,3,,
プライベートカフス,2,2,3,1,99,3,0,10,41,0,0,0,0,0,采配,2,運気,2,気まぐれ,-2,,,,,ココットチケット,1,ブヨブヨした皮,4,ファンゴの毛皮,3,,
ヘルパーカフス,2,1,3,1,99,3,0,20,82,0,0,0,0,0,広域,3,回復量,1,回復速度,-1,,,,,ポッケチケット,1,ライトクリスタル,2,竜頭殻,2,,
ヒーラーカフス,2,2,3,1,99,3,0,10,41,0,0,0,0,0,回復量,2,広域,2,気配,-1,,,,,ポッケチケット,1,ライトクリスタル,2,竜頭殻,2,,
撫子【球袖】,2,1,3,1,99,2,0,20,82,0,0,0,0,0,千里眼,2,観察眼,2,,,,,,,ユクモチケット,1,ユクモの木,2,青熊獣の腕甲,3,,
桔梗【球袖】,2,2,3,1,99,2,0,10,41,0,0,0,0,0,千里眼,2,観察眼,2,,,,,,,ユクモチケット,1,ユクモの木,2,青熊獣の腕甲,3,,
ユアミリスト,0,0,3,0,99,6,0,10,41,-2,-2,-2,-2,0,剥ぎ取り,3,,,,,,,,,足湯チケット,1,希望の証,1,ブランゴの毛,4,,
グルニャンマンシュ,0,1,3,0,99,6,0,22,84,1,1,1,1,1,研ぎ師,5,,,,,,,,,希望の証,1,ビストロチケット,1,飛行船チケット,1,暖かい毛皮,3
グルニャンミトン,0,2,3,0,99,6,0,11,42,1,1,1,1,1,弾薬節約,5,,,,,,,,,希望の証,1,ビストロチケット,1,飛行船チケット,1,暖かい毛皮,3
レザーＳアーム,0,1,4,1,4,99,0,24,86,0,0,0,0,0,気まぐれ,3,採取,2,,,,,,,上質な毛皮,1,竜骨【大】,3,ファンゴの上毛皮,1,,
レザーＳガード,0,2,4,1,4,99,0,12,74,0,1,1,0,0,気まぐれ,3,採取,2,,,,,,,上質な毛皮,1,竜骨【大】,3,ファンゴの上毛皮,1,,
チェーンＳアーム,0,1,4,1,4,99,0,24,86,0,0,1,0,0,体力,3,節食,2,,,,,,,カブレライト鉱石,2,氷結晶,2,大地の結晶,2,,
チェーンＳガード,0,2,4,1,4,99,0,12,74,0,0,1,1,0,体力,2,節食,2,,,,,,,カブレライト鉱石,2,氷結晶,2,大地の結晶,2,,
ベルダーＳアーム,0,1,4,1,4,99,0,26,88,0,1,0,0,0,加護,2,広域,2,,,,,,,上質な毛皮,2,ベルナチケット,1,雲羊鹿の毛玉,5,,
ベルダーＳガード,0,2,4,1,4,99,0,13,44,0,2,0,0,0,加護,2,広域,1,,,,,,,上質な毛皮,2,ベルナチケット,1,雲羊鹿の毛玉,5,,
ハントＳアーム,0,1,4,1,4,99,0,26,88,1,0,0,0,0,千里眼,5,,,,,,,,,カブレライト鉱石,2,ココットチケット,1,イーオスの大皮,5,モンスターの濃汁,2
ハントＳガード,0,2,4,1,4,99,0,13,44,2,0,0,0,0,千里眼,4,,,,,,,,,カブレライト鉱石,2,ココットチケット,1,イーオスの大皮,5,モンスターの濃汁,2
マフモフＳグラブ,0,1,4,2,4,99,0,26,88,-1,0,0,2,0,耐寒,2,溜め短縮,2,,,,,,,上質な毛皮,3,ポッケチケット,1,ブランゴの剛毛,3,,
マフモフＳミトン,0,2,4,2,4,99,0,13,44,-1,0,0,4,0,耐寒,2,溜め短縮,2,,,,,,,上質な毛皮,3,ポッケチケット,1,ブランゴの剛毛,3,,
ユクモノコテ・天,0,1,4,1,4,99,0,26,88,0,0,1,0,0,達人,3,回避性能,2,,,,,,,ユクモの堅木,2,ユクモチケット,1,丸鳥の羽,3,,
ユクモノコテ・地,0,2,4,1,4,99,0,13,44,0,0,2,0,0,達人,3,回避性能,2,,,,,,,ユクモの堅木,2,ユクモチケット,1,丸鳥の羽,3,,
ハンターＳアーム,0,1,4,1,4,99,0,26,88,0,0,0,0,0,高速設置,3,捕獲,2,,,,,,,ファンゴの上毛皮,2,マカライト鉱石,8,獣骨,3,大猪の硬い皮,2
ハンターＳガード,0,2,4,1,4,99,0,13,44,0,0,0,0,0,高速設置,2,捕獲,2,,,,,,,ファンゴの上毛皮,2,マカライト鉱石,8,獣骨,3,大猪の硬い皮,2
ハンターＲアーム,0,1,4,0,6,99,0,22,84,0,0,0,0,0,闘魂,3,観察眼,2,ガード性能,-2,,,,,獰猛化エキス,1,斬竜の上鱗,5,ドラグライト鉱石,10,獰猛化素材(上位pts),5
ハンターＲガード,0,2,4,0,6,99,0,11,42,0,0,0,0,0,闘魂,3,観察眼,2,反動,-2,,,,,獰猛化エキス,1,斬竜の上鱗,5,ドラグライト鉱石,10,獰猛化素材(上位pts),5
ボーンＳアーム,0,1,4,2,4,99,0,30,92,0,0,0,-1,0,鈍器,3,KO,2,攻撃,-1,,,,,上質な鳥竜骨,2,竜骨【大】,1,とがった爪,5,,
ボーンＳガード,0,2,4,2,4,99,0,15,46,0,0,0,-1,0,変則射撃,2,KO,2,攻撃,-1,,,,,上質な鳥竜骨,2,竜骨【大】,1,とがった爪,5,,
メルホアＳラーマ,0,1,4,0,4,99,0,32,94,0,1,1,0,0,採取,4,野草知識,3,,,,,,,王族カナブン,4,ドスビスカス,2,ネンチャク草,10,硬化薬グレート,5
メルホアＳアスト,0,2,4,0,4,99,0,16,47,0,1,1,0,0,採取,4,野草知識,3,,,,,,,王族カナブン,4,ドスビスカス,2,ネンチャク草,10,硬化薬グレート,5
メルホアＵラーマ,0,1,4,1,4,99,0,28,90,0,1,1,0,0,採取,5,気まぐれ,1,,,,,,,ノヴァクリスタル,1,ドスビスカス,2,ネンチャク草,10,硬化薬グレート,5
メルホアＵアスト,0,2,4,1,4,99,0,14,45,0,1,1,0,0,採取,5,気まぐれ,1,,,,,,,ノヴァクリスタル,1,ドスビスカス,2,ネンチャク草,10,硬化薬グレート,5
マカルパＳスリーブ,0,1,4,0,4,99,0,36,98,1,2,-2,0,0,効果持続,5,,,,,,,,,砂竜の上鱗,8,春夜鯉,2,カジキマグロ,1,調合書②初級編,1
マカルパＳヴァント,0,2,4,0,4,99,0,18,49,1,3,-2,0,0,効果持続,5,,,,,,,,,砂竜の上鱗,8,春夜鯉,2,カジキマグロ,1,調合書②初級編,1
マカルパＵスリーブ,0,1,4,0,5,99,0,32,94,1,2,-2,0,0,調合数,5,効果持続,2,,,,,,,水竜の上鱗,8,春夜鯉,2,カジキマグロ,1,調合書③中級編,1
マカルパＵヴァント,0,2,4,0,5,99,0,16,47,1,3,-2,0,0,調合数,5,効果持続,2,,,,,,,水竜の上鱗,8,春夜鯉,2,カジキマグロ,1,調合書③中級編,1
マギュルＳラーマ,0,1,4,1,4,99,0,36,98,-3,1,0,2,0,溜め短縮,2,体術,-1,,,,,,,王族カナブン,4,ペピポパンプキン,2,モンスターの濃汁,3,交易チケット,1
マギュルＳアスト,0,2,4,1,4,99,0,18,49,-3,2,0,3,0,溜め短縮,2,体術,-1,,,,,,,王族カナブン,4,ペピポパンプキン,2,モンスターの濃汁,3,交易チケット,1
エーデルＳラーマ,0,1,4,1,4,99,0,34,96,-1,3,-1,0,0,野草知識,4,広域,2,,,,,,,大水袋,2,星見の花,2,ベルナチケット,1,ユクモの堅木,2
エーデルＳアスト,0,2,4,1,4,99,0,17,48,-1,4,-1,0,0,野草知識,4,広域,2,,,,,,,大水袋,2,星見の花,2,ベルナチケット,1,ユクモの堅木,2
ムーファＳグラブ,0,1,4,0,4,99,0,32,94,-1,0,2,3,0,雷属性攻撃,5,耐寒,1,,,,,,,上質な毛皮,2,雲羊鹿の毛玉,5,雲羊鹿の角,4,垂皮竜の上皮,6
ムーファＳカフス,0,2,4,0,4,99,0,16,47,-1,0,3,4,0,雷属性攻撃,5,耐寒,1,,,,,,,上質な毛皮,2,雲羊鹿の毛玉,5,雲羊鹿の角,4,垂皮竜の上皮,6
ランポスーツＳグラブ,0,1,4,0,4,99,0,20,82,1,2,1,1,1,運気,2,腹減り,-2,,,,,,,ランポスの大尖爪,2,ランポスの上皮,5,ランポスの大皮,4,王族カナブン,5
ランポスーツＳハンド,0,2,4,0,4,99,0,10,41,1,3,1,1,1,運気,2,腹減り,-2,,,,,,,ランポスの大尖爪,2,ランポスの上皮,5,ランポスの大皮,4,王族カナブン,5
ゲネポスーツＳグラブ,0,1,4,0,4,99,0,20,82,1,1,2,1,1,運気,2,腹減り,-2,,,,,,,ゲネポスの大尖牙,2,ゲネポスの上皮,4,ゲネポスの大皮,4,砂竜の上ヒレ,2
ゲネポスーツＳハンド,0,2,4,0,4,99,0,10,41,1,1,3,1,1,運気,2,腹減り,-2,,,,,,,ゲネポスの大尖牙,2,ゲネポスの上皮,4,ゲネポスの大皮,4,砂竜の上ヒレ,2
イーオスーツＳグラブ,0,1,4,0,5,99,0,20,82,2,1,1,1,1,運気,2,腹減り,-2,,,,,,,イーオスの上紫鱗,2,イーオスの上皮,4,イーオスの大皮,4,ゴム質の上皮,2
イーオスーツＳハンド,0,2,4,0,5,99,0,10,41,3,1,1,1,1,運気,2,腹減り,-2,,,,,,,イーオスの上紫鱗,2,イーオスの上皮,4,イーオスの大皮,4,ゴム質の上皮,2
ガブラスーツＳグラブ,0,1,4,0,5,99,0,20,82,1,1,1,1,2,運気,2,腹減り,-2,,,,,,,翼蛇竜の上皮,4,翼蛇竜の皮,4,獄炎石,2,堅牢な骨,2
ガブラスーツＳハンド,0,2,4,0,5,99,0,10,41,1,1,1,1,3,運気,2,腹減り,-2,,,,,,,翼蛇竜の上皮,4,翼蛇竜の皮,4,獄炎石,2,堅牢な骨,2
狩人の革篭手Ｓ,0,1,4,1,4,99,0,22,84,0,1,0,0,0,野草知識,4,,,,,,,,,上質な毛皮,4,ガウシカの角,4,ドラグライト鉱石,5,モンスターの濃汁,2
狩人の革手袋Ｓ,0,2,4,1,4,99,0,11,42,0,1,0,0,0,野草知識,4,,,,,,,,,上質な毛皮,4,ガウシカの角,4,ドラグライト鉱石,5,モンスターの濃汁,2
跳狗竜の革篭手Ｓ,0,1,4,0,4,99,0,22,84,0,0,1,0,0,減気攻撃,6,,,,,,,,,マッカォの上鱗,4,マッカォの皮,10,王者の冠羽,2,ツタの葉,10
跳狗竜の革手袋Ｓ,0,2,4,0,4,99,0,11,42,0,0,1,0,0,減気攻撃,6,,,,,,,,,マッカォの上鱗,4,マッカォの皮,10,王者の冠羽,2,ツタの葉,10
狗竜の革篭手Ｓ,0,1,4,0,4,99,0,22,84,0,0,0,1,0,達人,6,,,,,,,,,ジャギィの上鱗,4,ジャギィの皮,10,翼蛇竜の皮,5,カブレライト鉱石,2
狗竜の革手袋Ｓ,0,2,4,0,4,99,0,11,42,0,0,0,1,0,達人,6,,,,,,,,,ジャギィの上鱗,4,ジャギィの皮,10,翼蛇竜の皮,5,カブレライト鉱石,2
モスＳパンチ,0,0,4,1,4,99,0,19,50,0,0,0,0,0,茸食,2,,,,,,,,,ファンゴの上毛皮,4,モスの苔皮,2,上質な毛皮,3,キラビートル,5
リノプロＳアーム,0,1,4,2,4,99,0,32,94,2,0,0,-2,0,水属性攻撃,3,,,,,,,,,草食竜の堅殻,3,竜骨【中】,4,氷結晶,3,,
リノプロＳガード,0,2,4,2,4,99,0,16,47,3,0,0,-2,0,水属性攻撃,3,,,,,,,,,草食竜の堅殻,3,竜骨【中】,4,氷結晶,3,,
ジャギィＳアーム,0,1,4,1,4,99,0,28,90,-2,0,0,0,0,火属性攻撃,4,,,,,,,,,ジャギィの上鱗,4,ジャギィの皮,10,ランポスの上皮,3,カブレライト鉱石,2
ジャギィＳガード,0,2,4,1,4,99,0,14,45,-2,0,0,0,0,火属性攻撃,3,,,,,,,,,ジャギィの上鱗,4,ジャギィの皮,10,ランポスの上皮,3,カブレライト鉱石,2
マッカォＳアーム,0,1,4,2,4,99,0,30,92,-2,0,0,0,0,KO,2,,,,,,,,,マッカォの上鱗,4,跳狗竜の鱗,4,モンスターの濃汁,4,モンスターの体液,5
マッカォＳガード,0,2,4,2,4,99,0,15,46,-2,1,1,1,1,KO,2,,,,,,,,,マッカォの上鱗,4,跳狗竜の鱗,4,モンスターの濃汁,4,モンスターの体液,5
ランポスＳアーム,0,1,4,2,4,99,0,30,92,0,0,0,-2,0,水属性攻撃,4,気絶,1,麻痺,-1,,,,,ランポスの大尖爪,2,ランポスの大上皮,3,王族カナブン,1,ドラグライト鉱石,2
ランポスＳガード,0,2,4,2,4,99,0,15,46,0,1,1,-2,0,水属性攻撃,4,気絶,1,麻痺,-1,,,,,ランポスの大尖爪,2,ランポスの大上皮,3,王族カナブン,1,ドラグライト鉱石,2
ギアノスＳアーム,0,1,4,1,4,99,0,30,92,0,0,-1,2,0,氷属性攻撃,3,だるま,2,睡眠,-2,,,,,ギアノスの上鱗,2,ギアノスの上皮,2,黒狼鳥の甲殻,2,上竜骨,2
ギアノスＳガード,0,2,4,1,4,99,0,15,46,0,0,-1,3,0,氷属性攻撃,3,だるま,2,睡眠,-2,,,,,ギアノスの上鱗,2,ギアノスの上皮,2,黒狼鳥の甲殻,2,上竜骨,2
ゲネポスＳアーム,0,1,4,1,4,99,0,32,94,0,0,1,-2,0,麻痺,3,雷属性攻撃,1,毒,-3,,,,,ゲネポスの大上皮,3,ゲネポスの大尖牙,2,ゲネポスの麻痺牙,7,カブレライト鉱石,2
ゲネポスＳガード,0,2,4,1,4,99,0,16,47,1,0,2,-2,0,麻痺,3,雷属性攻撃,1,毒,-3,,,,,ゲネポスの大上皮,3,ゲネポスの大尖牙,2,ゲネポスの麻痺牙,7,カブレライト鉱石,2
EXゲネポスアーム,0,1,4,1,5,99,0,36,98,0,0,1,-2,0,攻撃,2,特殊攻撃,2,属性攻撃,-2,,,,,虹色鉱石,1,ゲネポスの大上皮,4,ゲネポスの上皮,5,ユニオン鉱石,4
EXゲネポスガード,0,2,4,1,5,99,0,18,49,1,0,2,-2,0,攻撃,2,特殊攻撃,2,属性攻撃,-2,,,,,虹色鉱石,1,ゲネポスの大上皮,4,ゲネポスの上皮,5,ユニオン鉱石,4
イーオスＳアーム,0,1,4,1,5,99,0,34,96,2,-1,-1,0,0,毒,2,観察眼,2,気絶,-2,,,,,イーオスの上紫鱗,2,猛毒袋,3,カブレライト鉱石,4,イーオスの大皮,3
イーオスＳガード,0,2,4,1,5,99,0,17,48,3,-1,-1,0,0,毒,2,観察眼,2,気絶,-2,,,,,イーオスの上紫鱗,2,猛毒袋,3,カブレライト鉱石,4,イーオスの大皮,3
EXイーオスアーム,0,1,4,1,5,99,0,38,100,2,-1,-1,0,0,火耐性,3,根性,2,調合成功率,-2,,,,,虹色鉱石,1,イーオスの大上皮,4,イーオスの上皮,5,ゴム質の上皮,2
EXイーオスガード,0,2,4,1,5,99,0,19,50,3,-1,-1,0,0,火耐性,3,根性,2,調合成功率,-2,,,,,虹色鉱石,1,イーオスの大上皮,4,イーオスの上皮,5,ゴム質の上皮,2
ランゴＳアーム,0,1,4,2,4,99,0,32,94,-2,1,1,1,2,納刀,3,,,,,,,,,ランゴスタの薄羽,1,ランゴスタの堅殻,4,ランゴスタの羽,3,モンスターの濃汁,1
ランゴＳガード,0,2,4,2,4,99,0,16,47,-2,2,2,2,3,納刀,3,,,,,,,,,ランゴスタの薄羽,1,ランゴスタの堅殻,4,ランゴスタの羽,3,モンスターの濃汁,1
EXランゴアーム,0,1,4,0,5,99,0,36,98,-2,1,1,1,2,剣術,2,回避距離,2,体力,-2,,,,,虹色鉱石,1,ランゴスタの薄羽,3,ランゴスタの堅殻,5,強力麻痺袋,4
EXランゴガード,0,2,4,0,5,99,0,18,49,-2,2,2,2,3,散弾強化,2,回避距離,2,体力,-2,,,,,虹色鉱石,1,ランゴスタの薄羽,3,ランゴスタの堅殻,5,強力麻痺袋,4
タロスＳアーム,0,1,4,2,4,99,0,36,98,-1,-1,-1,-1,4,龍耐性,3,龍属性攻撃,1,,,,,,,カンタロスの薄羽,1,カンタロスの堅殻,4,カンタロスの羽,5,モンスターの濃汁,1
タロスＳガード,0,2,4,2,4,99,0,18,49,-1,-1,-1,-1,6,龍耐性,3,龍属性攻撃,1,,,,,,,カンタロスの薄羽,1,カンタロスの堅殻,4,カンタロスの羽,5,モンスターの濃汁,1
EXタロスアーム,0,1,4,1,5,99,0,40,102,-1,-1,-1,-1,4,龍属性攻撃,2,ガード性能,2,体術,-2,,,,,虹色鉱石,1,カンタロスの薄羽,3,カンタロスの堅殻,5,ノヴァクリスタル,2
EXタロスガード,0,2,4,1,5,99,0,20,51,-1,-1,-1,-1,6,龍属性攻撃,2,精密射撃,2,体術,-2,,,,,虹色鉱石,1,カンタロスの薄羽,3,カンタロスの堅殻,5,ノヴァクリスタル,2
タロスＲアーム,0,1,4,0,6,99,0,32,94,-1,-1,-1,-1,4,龍属性攻撃,4,龍耐性,3,,,,,,,獰猛な爪,1,カンタロスの薄羽,5,カンタロスの甲殻,15,獰猛化素材(上位pts),8
タロスＲガード,0,2,4,0,6,99,0,16,47,-1,-1,-1,-1,6,龍属性攻撃,4,龍耐性,2,,,,,,,獰猛な爪,1,カンタロスの薄羽,5,カンタロスの甲殻,15,獰猛化素材(上位pts),8
ブナハＳグローブ,0,1,4,2,4,99,0,32,94,-2,0,0,0,2,斬れ味,2,火耐性,-2,,,,,,,飛甲虫の堅殻,2,飛甲虫の羽,4,上質な腹袋,2,モンスターの体液,3
ブナハＳカフス,0,2,4,2,4,99,0,16,47,-2,1,1,1,3,弾薬節約,2,火耐性,-2,,,,,,,飛甲虫の堅殻,2,飛甲虫の羽,4,上質な腹袋,2,モンスターの体液,3
クンチュウＳアーム,0,1,4,0,4,99,0,40,102,0,1,1,1,1,ガード性能,4,鈍器,3,体術,-2,,,,,盾虫の堅殻,5,盾虫の甲殻,3,モンスターの濃汁,2,ドラグライト鉱石,1
クンチュウＳガード,0,2,4,0,4,99,0,20,51,0,2,2,2,2,精密射撃,4,重撃弾強化,3,体術,-2,,,,,盾虫の堅殻,5,盾虫の甲殻,3,モンスターの濃汁,2,ドラグライト鉱石,1
ファンゴＳアーム,0,1,4,2,4,99,0,36,98,0,2,-2,1,0,攻撃,3,,,,,,,,,大猪の硬い皮,3,大猪の大牙,2,大きな骨,3,ブランゴの剛毛,5
ファンゴＳガード,0,2,4,2,4,99,0,18,49,0,3,-2,1,0,攻撃,2,,,,,,,,,大猪の硬い皮,3,大猪の大牙,2,大きな骨,3,ブランゴの剛毛,5
アシラＳアーム,0,1,4,0,4,99,0,38,100,-2,0,-2,0,0,防御,3,体術,3,攻撃,-3,,,,,青熊獣の堅殻,3,青熊獣の堅腕甲,3,青熊獣の毛,3,上質な腹袋,2
アシラＳガード,0,2,4,0,4,99,0,19,50,-2,0,-2,0,0,防御,3,体術,2,攻撃,-3,,,,,青熊獣の堅殻,3,青熊獣の堅腕甲,3,青熊獣の毛,3,上質な腹袋,2
ガレオスＳアーム,0,1,4,1,4,99,0,42,104,2,0,0,-3,0,耐暑,2,火耐性,2,,,,,,,砂竜の上ヒレ,3,砂竜の鋭牙,3,マカライト鉱石,15,カブレライト鉱石,5
ガレオスＳガード,0,2,4,1,4,99,0,21,52,2,0,0,-3,0,耐暑,2,火耐性,2,,,,,,,砂竜の上ヒレ,3,砂竜の鋭牙,3,マカライト鉱石,15,カブレライト鉱石,5
EXガレオスアーム,0,1,4,0,5,99,0,46,108,2,0,0,-3,0,水属性攻撃,3,睡眠,2,耐震,2,,,,,虹色鉱石,1,砂竜の上鱗,4,古代魚,1,上竜骨,2
EXガレオスガード,0,2,4,0,5,99,0,23,54,2,0,0,-3,0,水属性攻撃,3,睡眠,2,耐震,2,,,,,虹色鉱石,1,砂竜の上鱗,4,古代魚,1,上竜骨,2
クックＳアーム,0,1,4,0,4,99,0,44,106,3,-1,0,-3,0,火属性攻撃,7,,,,,,,,,怪鳥の上鱗,3,怪鳥の堅殻,2,怪鳥の翼膜,2,,
クックＳガード,0,2,4,0,4,99,0,22,53,4,-1,0,-3,0,火属性攻撃,7,,,,,,,,,怪鳥の上鱗,3,怪鳥の堅殻,2,怪鳥の翼膜,2,,
ケチャアーム,0,1,4,0,4,99,0,44,106,-2,2,-1,0,1,体術,3,気力回復,2,スタミナ,-2,,,,,奇猿狐の剛毛,3,奇猿狐の鉤爪,1,大きな骨,3,盾虫の堅殻,2
ケチャガード,0,2,4,0,4,99,0,22,53,-2,3,-1,0,1,体術,3,気力回復,2,スタミナ,-2,,,,,奇猿狐の剛毛,3,奇猿狐の鉤爪,1,大きな骨,3,盾虫の堅殻,2
ウルクＳアーム,0,1,4,1,4,99,0,40,102,-3,1,0,3,0,跳躍,4,回避性能,1,体力,-1,,,,,白兎獣の凍爪,2,白兎獣の毛,3,白兎獣の堅腹甲,3,王族カナブン,2
ウルクＳガード,0,2,4,1,4,99,0,20,51,-3,1,0,4,0,跳躍,3,回避性能,1,体力,-1,,,,,白兎獣の凍爪,2,白兎獣の毛,3,白兎獣の堅腹甲,3,王族カナブン,2
ゲリョスＳアーム,0,1,4,1,4,99,0,46,108,-3,1,4,-1,0,毒,4,スタミナ,1,腹減り,-1,,,,,ゴム質の上皮,4,猛毒袋,2,大地の結晶,5,ゲネポスの上鱗,2
ゲリョスＳガード,0,2,4,1,4,99,0,23,54,-3,1,5,-1,0,毒,4,スタミナ,1,腹減り,-1,,,,,ゴム質の上皮,4,猛毒袋,2,大地の結晶,5,ゲネポスの上鱗,2
ゲリョスＲアーム,0,1,4,1,6,99,0,42,104,-3,1,4,-1,0,気絶,5,麻痺,-3,,,,,,,獰猛化毒怪鳥皮,1,ゴム質の上皮,5,猛毒袋,5,毒怪鳥素材(pts),8
ゲリョスＲガード,0,2,4,1,6,99,0,21,52,-3,1,5,-1,0,気絶,4,麻痺,-3,,,,,,,獰猛化毒怪鳥皮,1,ゴム質の上皮,5,猛毒袋,5,毒怪鳥素材(pts),8
カブラＳアーム,0,1,4,0,4,99,0,46,108,2,-3,-1,0,1,抜刀減気,4,,,,,,,,,鬼蛙の尖爪,2,鬼蛙の堅殻,4,鬼蛙の上鱗,2,ドスヘラクレス,5
カブラＳガード,0,2,4,0,4,99,0,23,54,3,-3,-1,0,1,射法,4,,,,,,,,,鬼蛙の尖爪,2,鬼蛙の堅殻,4,鬼蛙の上鱗,2,ドスヘラクレス,5
ザザミＳアーム,0,1,4,2,4,99,0,48,110,-1,3,-3,0,1,防御,2,ガード性能,2,体術,-1,,,,,盾蟹の尖爪,2,盾蟹の堅殻,2,カブレライト鉱石,2,とがった爪,4
ザザミＳガード,0,2,4,2,4,99,0,24,55,-1,4,-3,0,1,防御,2,反動,2,装填速度,-1,,,,,盾蟹の尖爪,2,盾蟹の堅殻,2,カブレライト鉱石,2,とがった爪,4
EXザザミアーム,0,1,4,1,7,99,0,52,114,-1,3,-3,0,1,窮地,2,ガード強化,1,スタミナ,-1,,,,,七色たんぽぽ,1,盾蟹の堅殻,4,王族カナブン,4,雌火竜の鱗,4
EXザザミガード,0,2,4,1,7,99,0,26,57,-1,4,-3,0,1,窮地,2,強撃瓶追加,1,達人,-1,,,,,七色たんぽぽ,1,盾蟹の堅殻,4,王族カナブン,4,雌火竜の鱗,4
ザザミＲアーム,0,1,4,0,8,6,1,44,106,-1,3,-3,0,1,防御,6,攻撃,-4,,,,,,,獰猛化盾蟹殻,1,盾蟹の尖爪,4,盾蟹の小殻,15,盾蟹素材(pts),8
ザザミＲガード,0,2,4,0,8,6,1,22,53,-1,4,-3,0,1,防御,5,攻撃,-4,,,,,,,獰猛化盾蟹殻,1,盾蟹の尖爪,4,盾蟹の小殻,15,盾蟹素材(pts),8
ラングロＳアーム,0,1,4,1,5,99,0,46,108,2,-3,0,-1,1,細菌学,3,溜め短縮,1,気力回復,-2,,,,,赤甲獣の尖爪,3,強力麻痺袋,6,堅牢な骨,3,ドラグライト鉱石,5
ラングロＳガード,0,2,4,1,5,99,0,23,54,3,-3,0,-1,1,細菌学,3,溜め短縮,1,気力回復,-2,,,,,赤甲獣の尖爪,3,強力麻痺袋,6,堅牢な骨,3,ドラグライト鉱石,5
ルドロスＳアーム,0,1,4,0,4,99,0,46,108,-3,4,-1,0,0,スタミナ,4,気力回復,1,回避性能,-1,,,,,水獣の鋭爪,3,水獣の上鱗,4,海綿質の上皮,2,ドスヘラクレス,5
ルドロスＳガード,0,2,4,0,4,99,0,23,54,-3,5,-1,0,0,スタミナ,4,気力回復,1,回避性能,-1,,,,,水獣の鋭爪,3,水獣の上鱗,4,海綿質の上皮,2,ドスヘラクレス,5
ルドロスＲアーム,0,1,4,0,6,99,0,42,104,-3,4,-1,0,0,気力回復,4,回避性能,-3,,,,,,,獰猛化水獣鱗,1,水獣の上鱗,5,水獣の鋭爪,4,水獣素材(pts),8
ルドロスＲガード,0,2,4,0,6,99,0,21,52,-3,5,-1,0,0,気力回復,3,回避性能,-3,,,,,,,獰猛化水獣鱗,1,水獣の上鱗,5,水獣の鋭爪,4,水獣素材(pts),8
エコールアーム,2,1,4,0,4,99,0,44,106,0,0,0,0,0,狂撃耐性,3,千里眼,1,食事,-2,,,,,ベルナチケット,1,上質な毛皮,2,千刃竜の爪,4,奇猿狐の剛毛,3
エコールガード,2,2,4,0,4,99,0,22,53,0,0,0,0,0,狂撃耐性,3,千里眼,1,食事,-2,,,,,ベルナチケット,1,上質な毛皮,2,千刃竜の爪,4,奇猿狐の剛毛,3
アロイＳアーム,0,1,5,0,5,99,0,40,102,-1,0,-1,-1,0,研ぎ師,4,風圧,3,達人,1,,,,,ユニオン鉱石,3,カブレライト鉱石,3,マカライト鉱石,7,大地の結晶,7
アロイＳガード,0,2,5,0,5,99,0,20,51,-1,0,-1,-1,0,装填速度,4,風圧,3,達人,1,,,,,ユニオン鉱石,3,カブレライト鉱石,3,マカライト鉱石,7,大地の結晶,7
アロイＲアーム,0,1,5,0,6,99,0,36,98,-1,0,-1,-1,0,風圧,5,運気,-2,,,,,,,獰猛化狩猟の証Ⅰ,1,ユニオン鉱石,5,夜鳥の上羽鱗,6,獰猛化素材(上位pts),5
アロイＲガード,0,2,5,0,6,99,0,18,49,-1,0,-1,-1,0,風圧,5,運気,-2,,,,,,,獰猛化狩猟の証Ⅰ,1,ユニオン鉱石,5,夜鳥の上羽鱗,6,獰猛化素材(上位pts),5
バトルＳアーム,0,1,5,1,5,99,0,44,106,1,-1,-1,0,0,攻撃,2,盗み無効,1,ガード性能,1,,,,,マレコガネ,3,翼蛇竜の上皮,2,ブランゴの剛毛,5,ドラグライト鉱石,4
バトルＳガード,0,2,5,1,5,99,0,22,53,2,-1,-1,0,0,攻撃,2,盗み無効,1,反動,1,,,,,マレコガネ,3,翼蛇竜の上皮,2,ブランゴの剛毛,5,ドラグライト鉱石,4
インゴットＳアーム,0,1,5,0,5,99,0,48,110,-1,-1,1,0,0,氷属性攻撃,6,,,,,,,,,獄炎石,1,ユニオン鉱石,2,溶岩塊,2,ドラグライト鉱石,15
インゴットＳガード,0,2,5,0,5,99,0,24,55,-1,-1,2,0,0,氷属性攻撃,5,,,,,,,,,獄炎石,1,ユニオン鉱石,2,溶岩塊,2,ドラグライト鉱石,15
インゴットＲアーム,0,1,5,0,6,99,0,44,106,-1,-1,1,0,0,風圧,4,氷属性攻撃,2,運気,-2,,,,,獰猛な爪,1,獄炎石,4,轟竜の上鱗,4,獰猛化素材(上位pts),5
インゴットＲガード,0,2,5,0,6,99,0,22,53,-1,-1,2,0,0,風圧,3,氷属性攻撃,2,運気,-2,,,,,獰猛な爪,1,獄炎石,4,轟竜の上鱗,4,獰猛化素材(上位pts),5
ハイメタＳアーム,0,1,5,0,5,99,0,46,108,0,-1,2,-1,0,雷耐性,3,聴覚保護,2,加護,-1,,,,,ユニオン鉱石,5,ライトクリスタル,1,ドラグライト鉱石,10,電撃袋,1
ハイメタＳガード,0,2,5,0,5,99,0,23,54,0,-1,3,-1,0,雷耐性,3,聴覚保護,2,加護,-1,,,,,ユニオン鉱石,5,ライトクリスタル,1,ドラグライト鉱石,10,電撃袋,1
ハイメタＵアーム,0,1,5,1,5,99,0,42,104,0,-1,2,-1,0,抜刀会心,2,聴覚保護,1,達人,-3,,,,,溶岩竜の堅殻,3,カブレライト鉱石,2,紅蓮石,2,盾蟹の尖爪,5
ハイメタＵガード,0,2,5,1,5,99,0,21,52,0,-1,3,-1,0,重撃弾強化,2,聴覚保護,1,達人,-3,,,,,溶岩竜の堅殻,3,カブレライト鉱石,2,紅蓮石,2,盾蟹の尖爪,5
キングロブスタアーム,0,1,5,1,5,99,0,48,110,-1,4,-1,-1,-1,泡沫,2,節食,2,雷耐性,-3,,,,,エビの大殻,1,エビの小殻,3,砂竜の上ヒレ,2,水竜の上鱗,4
キングロブスタガード,0,2,5,1,5,99,0,24,55,-1,5,-1,-1,-1,泡沫,2,節食,2,雷耐性,-3,,,,,エビの大殻,1,エビの小殻,3,砂竜の上ヒレ,2,水竜の上鱗,4
オウビートＳマーノ,1,1,5,1,5,99,0,50,112,2,-2,2,-2,3,攻撃,5,,,,,,,,,マレコガネ,3,オオツノアゲハ,2,王族カナブン,3,強力麻痺袋,3
オウビートＳブラッソ,1,2,5,1,5,99,0,25,56,3,-2,2,-2,4,攻撃,5,,,,,,,,,マレコガネ,3,オオツノアゲハ,2,王族カナブン,3,強力麻痺袋,3
パピメルＳマーノ,2,1,5,1,5,99,0,50,112,2,-2,2,-2,3,攻撃,5,,,,,,,,,マレコガネ,3,オオツノアゲハ,2,王族カナブン,3,強力麻痺袋,3
パピメルＳブラッソ,2,2,5,1,5,99,0,25,56,3,-2,2,-2,4,攻撃,5,,,,,,,,,マレコガネ,3,オオツノアゲハ,2,王族カナブン,3,強力麻痺袋,3
デスギアＳファオスト,0,1,5,2,5,99,0,48,110,2,1,1,-1,0,狂撃耐性,3,回避性能,-1,,,,,,,禍々しい闇布,1,禍々しい布,2,化け鮫の鋸歯,4,古龍骨,3
デスギアＳベギアデ,0,2,5,2,5,99,0,24,55,3,1,1,-1,0,狂撃耐性,2,回避性能,-1,,,,,,,禍々しい闇布,1,禍々しい布,2,化け鮫の鋸歯,4,古龍骨,3
デスギアＲファオスト,0,1,5,2,7,99,0,44,106,2,1,1,-1,0,狂撃耐性,1,属性会心,1,攻撃,-1,,,,,獰猛な鋭牙,1,禍々しい闇布,1,天廻龍の鋭浄爪,4,獰猛化素材(上位pts),8
デスギアＲベギアデ,0,2,5,2,7,99,0,22,53,3,1,1,-1,0,狂撃耐性,1,属性会心,1,攻撃,-1,,,,,獰猛な鋭牙,1,禍々しい闇布,1,天廻龍の鋭浄爪,4,獰猛化素材(上位pts),8
ヴァイクＳアーム,0,1,5,1,5,99,0,46,108,0,3,-2,-1,0,水属性攻撃,5,斬れ味,1,,,,,,,ユニオン鉱石,2,ヨロイシダイ,2,水竜の上ヒレ,3,古代魚,2
ヴァイクＳガード,0,2,5,1,5,99,0,23,54,0,4,-2,-1,0,水属性攻撃,5,弾薬節約,1,,,,,,,ユニオン鉱石,2,ヨロイシダイ,2,水竜の上ヒレ,3,古代魚,2
ロワーガＳマーノ,1,1,5,0,5,99,0,48,110,-2,0,3,-2,2,会心強化,3,達人,1,攻撃,-2,,,,,マレコガネ,3,オオクワアゲハ,2,飛甲虫の堅殻,5,にが虫,10
ロワーガＳブラッソ,1,2,5,0,5,99,0,24,55,-2,0,3,-2,3,会心強化,3,達人,1,攻撃,-2,,,,,マレコガネ,3,オオクワアゲハ,2,飛甲虫の堅殻,5,にが虫,10
ファルメルＳマーノ,2,1,5,0,5,99,0,48,110,-2,0,3,-2,2,会心強化,3,達人,1,攻撃,-2,,,,,マレコガネ,3,オオクワアゲハ,2,飛甲虫の堅殻,5,にが虫,10
ファルメルＳブラッソ,2,2,5,0,5,99,0,24,55,-2,0,3,-2,3,会心強化,3,達人,1,攻撃,-2,,,,,マレコガネ,3,オオクワアゲハ,2,飛甲虫の堅殻,5,にが虫,10
パティシエマンシュ,0,1,5,0,5,99,0,44,106,2,0,0,2,-2,炎熱適応,2,効果持続,2,腹減り,-2,,,,,マレコガネ,2,ビストロチケット,2,真珠色の柔皮,2,高級お食事券,1
パティシエミトン,0,2,5,0,5,99,0,22,53,4,0,0,2,-2,炎熱適応,2,効果持続,2,腹減り,-2,,,,,マレコガネ,2,ビストロチケット,2,真珠色の柔皮,2,高級お食事券,1
スカルダＳマーノ,1,1,5,0,5,99,0,48,110,3,-1,-1,-1,3,特殊会心,4,本気,1,攻撃,-2,,,,,オオ毒クモリ,1,毒クモリ,2,上質な腹袋,3,強力麻痺袋,4
スカルダＳブラッソ,1,2,5,0,5,99,0,24,55,4,-1,-1,-1,3,特殊会心,3,本気,1,攻撃,-2,,,,,オオ毒クモリ,1,毒クモリ,2,上質な腹袋,3,強力麻痺袋,4
スパイオＳマーノ,2,1,5,0,5,99,0,48,110,3,-1,-1,-1,3,特殊会心,4,本気,1,攻撃,-2,,,,,オオ毒クモリ,1,毒クモリ,2,上質な腹袋,3,強力麻痺袋,4
スパイオＳブラッソ,2,2,5,0,5,99,0,24,55,4,-1,-1,-1,3,特殊会心,3,本気,1,攻撃,-2,,,,,オオ毒クモリ,1,毒クモリ,2,上質な腹袋,3,強力麻痺袋,4
ホロロＳアーム,0,1,5,1,5,99,0,44,106,-2,-2,1,1,0,痛撃,2,観察眼,2,睡眠,1,,,,,夜鳥の上羽鱗,3,夜鳥の翼,2,カブレライト鉱石,3,上質な毛皮,4
ホロロＳガード,0,2,5,1,5,99,0,22,53,-1,-2,1,1,0,痛撃,2,観察眼,2,睡眠,1,,,,,夜鳥の上羽鱗,3,夜鳥の翼,2,カブレライト鉱石,3,上質な毛皮,4
ザボアアーム,0,1,5,0,5,99,0,46,108,-2,3,-4,4,0,ガード性能,3,寒冷適応,2,火耐性,-2,,,,,化け鮫の上皮,4,化け鮫の上鱗,2,カワズの油,2,鮫肌の鱗,2
ザボアガード,0,2,5,0,5,99,0,23,54,-2,3,-4,5,0,反動,3,寒冷適応,2,火耐性,-2,,,,,化け鮫の上皮,4,化け鮫の上鱗,2,カワズの油,2,鮫肌の鱗,2
フルフルＳアーム,0,1,5,2,5,99,0,50,112,-4,1,4,2,1,回復速度,2,,,,,,,,,真珠色の柔皮,2,カブレライト鉱石,2,肉厚な上皮,5,上竜骨,2
フルフルＳガード,0,2,5,2,5,99,0,25,56,-4,1,5,2,1,回復速度,2,,,,,,,,,真珠色の柔皮,2,カブレライト鉱石,2,肉厚な上皮,5,上竜骨,2
フルフルＲアーム,0,1,5,1,6,99,0,46,108,-4,1,4,2,1,回復量,4,調合成功率,-2,,,,,,,獰猛化白柔皮,1,真珠色の柔皮,5,獰猛な電気袋,1,フルフル素材(pts),8
フルフルＲガード,0,2,5,1,6,99,0,23,54,-4,1,5,2,1,回復量,3,調合成功率,-2,,,,,,,獰猛化白柔皮,1,真珠色の柔皮,5,獰猛な電気袋,1,フルフル素材(pts),8
レイアＳアーム,0,1,5,0,5,99,0,50,112,3,0,-2,0,-3,体力,5,回復量,1,回復速度,-1,,,,,雌火竜の堅殻,4,火竜の翼爪,3,雌火竜の棘,2,獄炎石,2
レイアＳガード,0,2,5,0,5,99,0,25,56,4,0,-2,0,-3,体力,5,回復量,1,回復速度,-1,,,,,雌火竜の堅殻,4,火竜の翼爪,3,雌火竜の棘,2,獄炎石,2
EXレイアアーム,0,1,5,1,8,6,1,54,116,3,0,-2,0,-3,野草知識,3,回復量,1,気配,-2,,,,,EX火竜チケット,1,雌火竜の堅殻,5,火竜の翼爪,5,獄炎石,3
EXレイアガード,0,2,5,1,8,6,1,27,58,4,0,-2,0,-3,野草知識,3,回復量,1,気配,-2,,,,,EX火竜チケット,1,雌火竜の堅殻,5,火竜の翼爪,5,獄炎石,3
レイアＲアーム,0,1,5,1,6,99,0,46,108,3,0,-2,0,-3,回復量,4,,,,,,,,,獰猛化雌火竜鱗,1,雌火竜の堅殻,5,獰猛な毒液,1,雌火竜素材(pts),8
レイアＲガード,0,2,5,1,6,99,0,23,54,4,0,-2,0,-3,回復量,4,,,,,,,,,獰猛化雌火竜鱗,1,雌火竜の堅殻,5,獰猛な毒液,1,雌火竜素材(pts),8
ハプルＳアーム,0,1,5,1,5,99,0,50,112,2,0,-1,-3,1,食事,3,抜刀減気,2,,,,,,,潜口竜の尖爪,3,潜口竜の堅殻,3,極彩色の体液,4,イーオスの大皮,5
ハプルＳガード,0,2,5,1,5,99,0,25,56,3,0,-1,-3,1,装填速度,2,食事,1,,,,,,,潜口竜の尖爪,3,潜口竜の堅殻,3,極彩色の体液,4,イーオスの大皮,5
ガノスアーム,0,1,5,0,5,99,0,52,114,-2,4,-4,2,1,乗り,3,捕獲,3,跳躍,2,,,,,水竜の上ヒレ,2,水竜の上鱗,3,水竜の鋭牙,2,モンスターの体液,4
ガノスガード,0,2,5,0,5,99,0,26,57,-2,5,-4,2,1,捕獲,3,乗り,2,跳躍,2,,,,,水竜の上ヒレ,2,水竜の上鱗,3,水竜の鋭牙,2,モンスターの体液,4
ブランゴＳアーム,0,1,5,1,5,99,0,50,112,-4,1,0,4,0,氷属性攻撃,2,体術,2,納刀,1,,,,,雪獅子の剛毛,2,雪獅子の尻尾,2,ギアノスの上鱗,4,堅牢な骨,2
ブランゴＳガード,0,2,5,1,5,99,0,25,56,-4,1,0,5,0,氷属性攻撃,2,納刀,1,体術,1,,,,,雪獅子の剛毛,2,雪獅子の尻尾,2,ギアノスの上鱗,4,堅牢な骨,2
EXブランゴアーム,0,1,5,1,7,99,0,54,116,-4,1,0,4,0,溜め短縮,2,体術,2,スタミナ,-1,,,,,七色たんぽぽ,1,雪獅子の剛毛,2,翼蛇竜の上皮,5,堅牢な骨,3
EXブランゴガード,0,2,5,1,7,99,0,27,58,-4,1,0,5,0,溜め短縮,2,体術,1,スタミナ,-1,,,,,七色たんぽぽ,1,雪獅子の剛毛,2,翼蛇竜の上皮,5,堅牢な骨,3
ラヴァアーム,0,1,5,1,5,99,0,56,118,4,-4,0,0,1,窮地,3,根性,2,,,,,,,溶岩竜の堅殻,2,溶岩竜の上ヒレ,1,溶岩竜の上鱗,5,マカライト鉱石,4
ラヴァガード,0,2,5,1,5,99,0,28,59,5,-4,0,0,1,窮地,3,根性,2,,,,,,,溶岩竜の堅殻,2,溶岩竜の上ヒレ,1,溶岩竜の上鱗,5,マカライト鉱石,4
EXラヴァアーム,0,1,5,1,8,99,0,60,122,4,-4,0,0,1,窮地,3,逆境,2,,,,,,,EX溶岩竜チケット,1,溶岩竜の上鱗,5,溶岩竜の上ヒレ,4,縞模様の皮,5
EXラヴァガード,0,2,5,1,8,99,0,30,61,5,-4,0,0,1,窮地,3,逆境,2,,,,,,,EX溶岩竜チケット,1,溶岩竜の上鱗,5,溶岩竜の上ヒレ,4,縞模様の皮,5
ギザミＳアーム,0,1,5,1,5,99,0,48,110,1,2,-1,-1,0,斬れ味,4,達人,1,,,,,,,鎌蟹の尖爪,1,鎌蟹の堅殻,3,ユニオン鉱石,2,王族カナブン,5
ギザミＳガード,0,2,5,1,5,99,0,24,55,2,2,-1,-1,0,弾薬節約,4,達人,1,,,,,,,鎌蟹の尖爪,1,鎌蟹の堅殻,3,ユニオン鉱石,2,王族カナブン,5
EXギザミアーム,0,1,5,1,7,99,0,52,114,1,2,-1,-1,0,匠,3,雷耐性,-2,,,,,,,七色たんぽぽ,1,鎌蟹の堅殻,4,堅竜骨,1,鋼の龍鱗,1
EXギザミガード,0,2,5,1,7,99,0,26,57,2,2,-1,-1,0,通常弾強化,3,雷耐性,-2,,,,,,,七色たんぽぽ,1,鎌蟹の堅殻,4,堅竜骨,1,鋼の龍鱗,1
ギザミＲアーム,0,1,5,0,6,99,0,44,106,1,2,-1,-1,0,匠,3,達人,2,,,,,,,獰猛化鎌蟹殻,1,鎌蟹の尖爪,3,獰猛な爪,1,鎌蟹素材(pts),8
ギザミＲガード,0,2,5,0,6,99,0,22,53,2,2,-1,-1,0,通常弾強化,3,達人,2,,,,,,,獰猛化鎌蟹殻,1,鎌蟹の尖爪,3,獰猛な爪,1,鎌蟹素材(pts),8
ガララＳアーム,0,1,5,0,5,99,0,56,118,1,-1,0,-3,1,麻痺,3,聴覚保護,2,捕獲,2,,,,,絞蛇竜の上皮,3,絞蛇竜の上鳴甲,2,強力麻痺袋,2,ゲネポスの大上皮,2
ガララＳガード,0,2,5,0,5,99,0,28,59,1,-1,1,-3,1,麻痺,3,聴覚保護,2,捕獲,2,,,,,絞蛇竜の上皮,3,絞蛇竜の上鳴甲,2,強力麻痺袋,2,ゲネポスの大上皮,2
ナルガＳアーム,0,1,5,2,5,99,0,40,102,-2,1,-3,1,1,達人,3,回避性能,1,回避距離,1,,,,,迅竜の鋭刃翼,3,迅竜の上鱗,5,迅竜の尾棘,5,垂皮竜の上皮,5
ナルガＳガード,0,2,5,2,5,99,0,20,51,-2,1,-2,1,1,達人,2,回避性能,1,回避距離,1,,,,,迅竜の鋭刃翼,3,迅竜の上鱗,5,迅竜の尾棘,5,垂皮竜の上皮,5
ガルルガＳアーム,0,1,5,1,5,99,0,56,118,2,-1,2,0,0,聴覚保護,2,剣術,2,採取,-1,,,,,黒狼鳥の上鱗,5,黒狼鳥の堅殻,3,黒狼鳥の尻尾,1,尖竜骨,3
ガルルガＳガード,0,2,5,1,5,99,0,28,59,3,-1,2,0,0,聴覚保護,2,変則射撃,2,採取,-1,,,,,黒狼鳥の上鱗,5,黒狼鳥の堅殻,3,黒狼鳥の尻尾,1,尖竜骨,3
ガンキンＳアーム,0,1,5,2,5,99,0,64,126,3,-4,0,-1,-2,裂傷,3,防御,1,抜刀減気,1,,,,,爆鎚竜の上鱗,5,爆鎚竜の耐熱殻,5,尖竜骨,3,ユニオン鉱石,3
ガンキンＳガード,0,2,5,2,5,99,0,32,63,4,-4,0,-1,-2,裂傷,2,防御,1,散弾強化,1,,,,,爆鎚竜の上鱗,5,爆鎚竜の耐熱殻,5,尖竜骨,3,ユニオン鉱石,3
クロオビＳアーム,0,1,5,0,5,99,0,50,112,3,3,3,3,3,胴系統倍加,1,,,,,,,,,タツジンチケット,1,ケチャコイン,2,マレコガネ,1,,
クロオビＳガード,0,2,5,0,5,99,0,25,56,3,3,3,3,4,胴系統倍加,1,,,,,,,,,タツジンチケット,1,ケチャコイン,2,マレコガネ,1,,
ガーディアンアーム,1,1,5,1,5,6,1,50,112,0,0,0,0,0,研ぎ師,3,ガード性能,2,気配,-2,,,,,ココットチケット,1,ノヴァクリスタル,2,海竜の鱗,3,真珠色の柔皮,4
ガーディアンガード,1,2,5,1,5,6,1,25,56,0,0,0,0,0,装填速度,3,ガード性能,2,気配,-2,,,,,ココットチケット,1,ノヴァクリスタル,2,海竜の鱗,3,真珠色の柔皮,4
ガーディアンＵアーム,1,1,5,1,5,6,1,54,116,0,0,0,0,0,砲術,3,ガード性能,2,気配,-2,,,,,ココットチケット,1,ノヴァクリスタル,2,火竜の鱗,3,真珠色の柔皮,4
ガーディアンＵガード,1,2,5,1,5,6,1,27,58,0,0,0,0,0,反動,3,ガード性能,2,気配,-2,,,,,ココットチケット,1,ノヴァクリスタル,2,火竜の鱗,3,真珠色の柔皮,4
スカラーグラブ,2,1,5,1,5,99,0,48,110,0,0,0,0,0,笛,3,回避性能,2,気配,-2,,,,,ユクモチケット,1,龍歴院チケット,1,青熊獣の堅腕甲,4,カブレライト鉱石,5
スカラーカフス,2,2,5,1,5,99,0,24,55,0,0,0,0,0,精密射撃,3,回避性能,2,気配,-2,,,,,ユクモチケット,1,龍歴院チケット,1,青熊獣の堅腕甲,4,カブレライト鉱石,5
セイラーグラブ,2,1,5,1,5,99,0,48,110,0,0,0,0,0,溜め短縮,3,回避性能,2,気配,-2,,,,,ユクモチケット,1,龍歴院チケット,1,水竜の上鱗,4,砕竜の拳,3
セイラーカフス,2,2,5,1,5,99,0,24,55,0,0,0,0,0,溜め短縮,2,回避性能,2,気配,-2,,,,,ユクモチケット,1,龍歴院チケット,1,水竜の上鱗,4,砕竜の拳,3
高級ユアミリスト,0,0,5,1,5,99,0,15,46,-2,-2,-2,-2,0,剥ぎ取り,3,泡沫,2,,,,,,,雪獅子の剛毛,2,足湯チケット,1,ブランゴの剛毛,2,希望の証,2
ホクシン【袖】,0,1,5,2,5,99,0,52,114,-2,4,-2,3,2,北辰納豆流,2,攻撃,-2,,,,,,,ココットチケット,1,交易チケット,1,絞蛇竜の上皮,3,斬竜の甲殻,4
カイエン【袖】,0,2,5,1,5,99,0,26,57,-2,5,-2,3,2,北辰納豆流,2,攻撃,-2,,,,,,,ココットチケット,1,交易チケット,1,絞蛇竜の上皮,3,斬竜の甲殻,4
ブレイブＳアーム,0,1,6,0,7,6,1,48,110,0,0,0,0,0,乗り,5,闘魂,1,,,,,,,ベルナチケット,1,勇気の証Ｇ,1,上質な毛皮,2,ランポスの上鱗,8
ブレイブＳガード,0,2,6,0,7,6,1,24,55,1,1,1,1,1,乗り,5,闘魂,1,,,,,,,ベルナチケット,1,勇気の証Ｇ,1,上質な毛皮,2,ランポスの上鱗,8
ドーベルアーム,0,1,6,0,6,99,0,54,116,-2,0,0,0,4,気絶,5,属性耐性,1,,,,,,,堅竜骨,2,いにしえの龍骨,2,轟竜の尖爪,3,竜骨【大】,6
ドーベルガード,0,2,6,0,6,99,0,27,58,-2,0,0,0,5,気絶,5,属性耐性,1,,,,,,,堅竜骨,2,いにしえの龍骨,2,轟竜の尖爪,3,竜骨【大】,6
ダマスクアーム,0,1,6,0,8,99,0,60,122,-1,2,-3,1,-1,抜刀会心,3,だるま,2,無心,2,,,,,尖骸棘殻,3,銀火竜の上鱗,4,火竜の煌液,3,骸椎骨,2
ダマスクガード,0,2,6,0,8,99,0,30,61,-1,2,-3,1,-1,貫通弾強化,3,だるま,2,無心,2,,,,,尖骸棘殻,3,銀火竜の上鱗,4,火竜の煌液,3,骸椎骨,2
ダマスクＲアーム,0,1,6,0,8,99,0,56,118,-1,2,-3,1,-1,無心,3,抜刀会心,2,,,,,,,獰猛化狩猟の証Ⅲ,1,獰猛化轟竜鱗,2,尖骸棘殻,4,獰猛化素材(上位pts),8
ダマスクＲガード,0,2,6,0,8,99,0,28,59,-1,2,-3,1,-1,無心,3,貫通弾強化,1,,,,,,,獰猛化狩猟の証Ⅲ,1,獰猛化轟竜鱗,2,尖骸棘殻,4,獰猛化素材(上位pts),8
アーティアＳアーム,0,1,6,0,6,99,0,60,122,1,-2,-2,2,3,対防御DOWN,3,雷属性攻撃,3,高速設置,3,,,,,太古の破片,1,さびた破片,2,ユニオン鉱石,3,ドラグライト鉱石,9
アーティアＳガード,0,2,6,0,6,99,0,30,61,3,-2,-2,2,3,対防御DOWN,3,雷属性攻撃,3,高速設置,3,,,,,太古の破片,1,さびた破片,2,ユニオン鉱石,3,ドラグライト鉱石,9
アーティアＲアーム,0,1,6,1,7,99,0,56,118,1,-2,-2,2,3,対防御DOWN,3,高速設置,3,,,,,,,獰猛化狩猟の証Ⅱ,1,太古の破片,1,ユニオン鉱石,10,獰猛化素材(上位pts),8
アーティアＲガード,0,2,6,1,7,99,0,28,59,3,-2,-2,2,3,対防御DOWN,3,高速設置,2,,,,,,,獰猛化狩猟の証Ⅱ,1,太古の破片,1,ユニオン鉱石,10,獰猛化素材(上位pts),8
セルタスアーム,0,1,6,0,6,99,0,60,122,-3,4,-2,-2,5,砲術,6,斬れ味,2,英雄の盾,2,,,,,重甲虫の堅殻,5,重甲虫の鋭爪,2,徹甲虫の堅殻,4,モンスターの濃汁,3
セルタスガード,0,2,6,0,6,99,0,30,61,-3,4,-2,-2,6,砲術,6,弾薬節約,2,英雄の盾,2,,,,,重甲虫の堅殻,5,重甲虫の鋭爪,2,徹甲虫の堅殻,4,モンスターの濃汁,3
レウスＳアーム,0,1,6,1,6,99,0,58,120,4,0,-2,0,-4,攻撃,4,痛撃,1,,,,,,,火竜の上鱗,3,火竜の尻尾,2,火竜の翼爪,4,獄炎石,2
レウスＳガード,0,2,6,1,6,99,0,29,60,5,0,-2,0,-4,攻撃,4,痛撃,1,,,,,,,火竜の上鱗,3,火竜の尻尾,2,火竜の翼爪,4,獄炎石,2
EXレウスアーム,0,1,6,0,8,6,1,62,124,4,0,-2,0,-4,底力,4,炎熱適応,1,加護,-3,,,,,EX火竜チケット,1,火竜の上鱗,4,火竜の翼爪,5,獄炎石,3
EXレウスガード,0,2,6,0,8,6,1,31,62,5,0,-2,0,-4,底力,4,炎熱適応,1,加護,-3,,,,,EX火竜チケット,1,火竜の上鱗,4,火竜の翼爪,5,獄炎石,3
レウスＲアーム,0,1,6,1,7,99,0,54,116,4,0,-2,0,-4,攻撃,6,,,,,,,,,獰猛化火竜鱗,1,火竜の上鱗,5,爆炎袋,5,雄火竜素材(pts),8
レウスＲガード,0,2,6,1,7,99,0,27,58,5,0,-2,0,-4,攻撃,6,,,,,,,,,獰猛化火竜鱗,1,火竜の上鱗,5,爆炎袋,5,雄火竜素材(pts),8
ラギアＳアーム,0,1,6,0,6,99,0,58,120,-3,2,4,-1,-2,ガード性能,3,属性攻撃,2,気力回復,1,,,,,海竜の鋭爪,3,海竜の高電殻,2,海竜の上鱗,5,海竜の背電殻,2
ラギアＳガード,0,2,6,0,6,99,0,29,60,-3,2,5,-1,-2,貫通弾強化,3,属性攻撃,2,気力回復,1,,,,,海竜の鋭爪,3,海竜の高電殻,2,海竜の上鱗,5,海竜の背電殻,2
ラギアＲアーム,0,1,6,0,7,99,0,54,116,-3,2,4,-1,-2,属性攻撃,3,ガード性能,3,,,,,,,獰猛化海竜皮,1,海竜の上鱗,5,海竜の鋭爪,5,海竜素材(pts),8
ラギアＲガード,0,2,6,0,7,99,0,27,58,-3,2,5,-1,-2,属性攻撃,3,貫通弾強化,3,,,,,,,獰猛化海竜皮,1,海竜の上鱗,5,海竜の鋭爪,5,海竜素材(pts),8
ジンオウＳアーム,0,1,6,0,6,99,0,58,120,0,-1,4,-4,1,本気,5,,,,,,,,,雷狼竜の尖爪,5,雷狼竜の高電殻,5,雷狼竜の帯電毛,3,ファンゴの上毛皮,6
ジンオウＳガード,0,2,6,0,6,99,0,29,60,0,-1,5,-4,1,本気,5,,,,,,,,,雷狼竜の尖爪,5,雷狼竜の高電殻,5,雷狼竜の帯電毛,3,ファンゴの上毛皮,6
EXジンオウアーム,0,1,6,1,8,99,0,62,124,0,-1,4,-4,1,本気,3,連撃,2,気配,-1,,,,,EX雷狼竜チケット,1,雷狼竜の堅殻,5,超電雷光虫,10,高圧電甲,4
EXジンオウガード,0,2,6,1,8,99,0,31,62,0,-1,5,-4,1,本気,3,連撃,2,気配,-1,,,,,EX雷狼竜チケット,1,雷狼竜の堅殻,5,超電雷光虫,10,高圧電甲,4
ミツネＳアーム,0,1,6,1,6,99,0,50,112,0,2,-3,1,-1,窮地,3,腹減り,2,泡沫,1,,,,,泡狐竜の尖爪,4,泡狐竜の上鱗,2,黒真珠,6,青熊獣の堅腕甲,2
ミツネＳガード,0,2,6,1,6,99,0,25,56,0,2,-2,1,-1,窮地,3,泡沫,1,腹減り,1,,,,,泡狐竜の尖爪,4,泡狐竜の上鱗,2,黒真珠,6,青熊獣の堅腕甲,2
ゼクスＳアーム,0,1,6,1,6,99,0,58,120,0,-2,3,-3,2,連撃,2,気力回復,2,気絶,1,,,,,電竜の堅棘殻,4,電竜の上鱗,3,電竜の翼爪,2,電撃袋,4
ゼクスＳガード,0,2,6,1,6,99,0,29,60,0,-2,4,-3,2,気力回復,2,気絶,1,連撃,1,,,,,電竜の堅棘殻,4,電竜の上鱗,3,電竜の翼爪,2,電撃袋,4
ガムートＳアーム,0,1,6,2,6,99,0,66,128,-3,1,-1,3,2,重撃,2,寒冷適応,1,,,,,,,巨獣の堅殻,4,巨獣の鼻棘,6,堅牢な骨,4,カワズの殿油,3
ガムートＳガード,0,2,6,2,6,99,0,33,64,-3,1,-1,4,2,重撃,2,寒冷適応,1,,,,,,,巨獣の堅殻,4,巨獣の鼻棘,6,堅牢な骨,4,カワズの殿油,3
ディノＳアーム,0,1,6,0,6,99,0,60,122,3,-3,1,0,-1,匠,3,研磨術,2,,,,,,,斬竜の焔状殻,2,斬竜の堅殻,4,獄炎石,3,跳狗竜の上赤皮,4
ディノＳガード,0,2,6,0,6,99,0,30,61,4,-3,1,0,-1,射法,3,研磨術,2,,,,,,,斬竜の焔状殻,2,斬竜の堅殻,4,獄炎石,3,跳狗竜の上赤皮,4
アグナアーム,0,1,6,2,6,99,0,60,122,4,-4,0,-1,0,炎熱適応,1,,,,,,,,,炎戈竜の鋭爪,4,炎戈竜の堅殻,4,炎戈竜の尻尾,1,溶岩塊,6
アグナガード,0,2,6,2,6,99,0,30,61,6,-4,0,-1,0,炎熱適応,1,,,,,,,,,炎戈竜の鋭爪,4,炎戈竜の堅殻,4,炎戈竜の尻尾,1,溶岩塊,6
ゴアＳアーム,0,1,6,0,6,99,0,60,122,-2,2,-1,2,-2,回避性能,4,,,,,,,,,黒蝕竜の鋭惨爪,3,黒蝕竜の上暗翼,2,黒蝕竜の堅殻,5,黒蝕竜の暗翼,2
ゴアＳガード,0,2,6,0,6,99,0,30,61,-2,3,-1,2,-2,回避性能,4,,,,,,,,,黒蝕竜の鋭惨爪,3,黒蝕竜の上暗翼,2,黒蝕竜の堅殻,5,黒蝕竜の暗翼,2
EXゴアアーム,0,1,6,0,8,99,0,64,126,-2,2,-1,2,-2,細菌学,4,闘魂,2,,,,,,,EX黒蝕竜チケット,1,黒蝕竜の上暗翼,4,黒蝕竜の触角,4,天廻龍の堅殻,4
EXゴアガード,0,2,6,0,8,99,0,32,63,-2,3,-1,2,-2,細菌学,4,闘魂,2,,,,,,,EX黒蝕竜チケット,1,黒蝕竜の上暗翼,4,黒蝕竜の触角,4,天廻龍の堅殻,4
ゴアＲアーム,0,1,6,1,8,99,0,56,118,-2,2,-1,2,-2,狂撃耐性,4,,,,,,,,,獰猛化黒蝕竜鱗,1,黒蝕竜の堅殻,5,黒蝕竜の上暗翼,5,黒蝕竜素材(pts),8
ゴアＲガード,0,2,6,1,8,99,0,28,59,-2,3,-1,2,-2,狂撃耐性,4,,,,,,,,,獰猛化黒蝕竜鱗,1,黒蝕竜の堅殻,5,黒蝕竜の上暗翼,5,黒蝕竜素材(pts),8
レギオスＳアーム,0,1,6,0,7,99,0,60,122,2,0,-3,-2,0,体術,4,抜刀会心,3,,,,,,,千刃竜の刻爪,5,千刃竜の尖翼爪,4,千刃竜の飛刃片,6,ノヴァクリスタル,2
レギオスＳガード,0,2,6,0,7,99,0,30,61,4,0,-3,-2,0,体術,4,射法,3,,,,,,,千刃竜の刻爪,5,千刃竜の尖翼爪,4,千刃竜の飛刃片,6,ノヴァクリスタル,2
ドボルアーム,0,1,6,0,6,99,0,66,128,-3,2,1,-2,1,溜め短縮,3,,,,,,,,,尾槌竜の堅殻,4,尾槌竜の堅尾甲,2,尾槌竜の堅苔甲,5,垂皮竜の上皮,6
ドボルガード,0,2,6,0,6,99,0,33,64,-2,2,1,-2,1,溜め短縮,3,,,,,,,,,尾槌竜の堅殻,4,尾槌竜の堅尾甲,2,尾槌竜の堅苔甲,5,垂皮竜の上皮,6
レックスＳアーム,0,1,6,1,6,99,0,60,122,2,0,-3,0,-2,聴覚保護,3,食事,3,回復量,-2,,,,,轟竜の鋭牙,2,轟竜の上鱗,4,轟竜の爪,4,カブレライト鉱石,5
レックスＳガード,0,2,6,1,6,99,0,30,61,4,0,-3,0,-2,聴覚保護,3,食事,3,回復量,-2,,,,,轟竜の鋭牙,2,轟竜の上鱗,4,轟竜の爪,4,カブレライト鉱石,5
EXレックスアーム,0,1,6,1,8,99,0,64,126,2,0,-3,0,-2,食事,3,肉食,2,逆上,1,,,,,EX轟竜チケット,1,轟竜の鋭牙,5,轟竜の爪,6,斬竜の鋭牙,4
EXレックスガード,0,2,6,1,8,99,0,32,63,4,0,-3,0,-2,食事,2,肉食,2,逆上,1,,,,,EX轟竜チケット,1,轟竜の鋭牙,5,轟竜の爪,6,斬竜の鋭牙,4
レックスＲアーム,0,1,6,2,8,99,0,56,118,2,0,-3,0,-2,食事,3,聴覚保護,2,,,,,,,獰猛化轟竜鱗,1,轟竜の堅殻,5,獰猛な尖爪,1,轟竜素材,8
レックスＲガード,0,2,6,2,8,99,0,28,59,4,0,-3,0,-2,聴覚保護,2,食事,2,,,,,,,獰猛化轟竜鱗,1,轟竜の堅殻,5,獰猛な尖爪,1,轟竜素材,8
キリンＳアームロング,0,1,6,1,6,99,0,64,126,-1,-1,3,0,2,スタミナ,2,加護,2,属性攻撃,1,,,,,キリンの上皮,1,キリンの雷尾,3,ゴム質の上皮,2,超電雷光虫,5
キリンＳグローブ,0,2,6,1,6,99,0,32,63,-1,-1,4,0,2,スタミナ,2,加護,2,属性攻撃,1,,,,,キリンの上皮,1,キリンの雷尾,3,ゴム質の上皮,2,超電雷光虫,5
キリンＲアームロング,0,1,6,0,7,99,0,60,122,-1,-1,3,0,2,属性攻撃,5,,,,,,,,,獰猛な帯電毛,1,キリンの上皮,3,キリンの雷角,4,獰猛化素材(上位pts),8
キリンＲグローブ,0,2,6,0,7,99,0,30,61,-1,-1,4,0,2,属性攻撃,5,,,,,,,,,獰猛な帯電毛,1,キリンの上皮,3,キリンの雷角,4,獰猛化素材(上位pts),8
ブラキＳアーム,0,1,6,1,7,99,0,62,124,2,-4,0,-2,0,闘魂,3,細菌学,2,,,,,,,砕竜の堅黒曜甲,3,砕竜の剛拳,1,なぞの粘菌,3,ノヴァクリスタル,1
ブラキＳガード,0,2,6,1,7,99,0,31,62,2,-3,0,-2,0,闘魂,3,細菌学,1,,,,,,,砕竜の堅黒曜甲,3,砕竜の剛拳,1,なぞの粘菌,3,ノヴァクリスタル,1
EXブラキアーム,0,1,6,0,8,99,0,66,128,2,-4,0,-2,0,匠,4,爆弾強化,2,,,,,,,EX砕竜チケット,1,砕竜の堅黒曜甲,4,砕竜の拳,5,ノヴァクリスタル,5
EXブラキガード,0,2,6,0,8,99,0,33,64,2,-3,0,-2,0,速射,4,爆弾強化,2,,,,,,,EX砕竜チケット,1,砕竜の堅黒曜甲,4,砕竜の拳,5,ノヴァクリスタル,5
金色ノ篭手,0,1,6,0,6,99,0,66,128,2,1,3,-5,2,攻撃,5,無心,2,気配,-2,,,,,金獅子の尖角,1,金獅子の尻尾,2,金獅子の尖爪,2,炎の龍鱗,2
黒子ノ篭手,0,2,6,0,6,99,0,33,64,2,1,3,-4,2,攻撃,4,気配,2,無心,2,,,,,金獅子の尖角,1,金獅子の尻尾,2,金獅子の尖爪,2,炎の龍鱗,2
バンギスアーム,0,1,6,1,6,99,0,66,128,0,0,-4,0,-4,重撃,3,痛撃,2,腹減り,-2,,,,,恐暴竜の黒鱗,6,恐暴竜の大牙,5,恐暴竜の尻尾,1,絞蛇竜の骨髄,1
バンギスガード,0,2,6,1,6,99,0,33,64,0,0,-3,0,-4,痛撃,2,重撃,2,腹減り,-2,,,,,恐暴竜の黒鱗,6,恐暴竜の大牙,5,恐暴竜の尻尾,1,絞蛇竜の骨髄,1
ギルドナイトグラブ,1,1,6,1,5,99,0,50,112,0,0,0,0,0,采配,2,運気,2,,,,,,,ギルドチケット,1,真珠色の柔皮,4,ファンゴの上毛皮,3,モンスターの体液,3
ギルドナイトカフス,1,2,6,1,5,99,0,25,56,0,0,0,0,0,采配,2,運気,2,,,,,,,ギルドチケット,1,真珠色の柔皮,4,ファンゴの上毛皮,3,モンスターの体液,3
メイドＳグラブ,2,1,6,1,7,99,0,50,112,0,0,0,0,0,采配,2,運気,2,,,,,,,ココットチケット,1,真珠色の柔皮,4,ファンゴの上毛皮,3,モンスターの体液,3
プライベートＳカフス,2,2,6,1,7,99,0,25,56,0,0,0,0,0,采配,2,運気,2,,,,,,,ココットチケット,1,真珠色の柔皮,4,ファンゴの上毛皮,3,モンスターの体液,3
ギルドガードグラブ蒼,1,1,6,1,6,6,1,50,112,0,0,0,0,0,采配,2,護石王,2,,,,,,,ギルドチケット,1,ポッケチケット,1,夜鳥の上羽鱗,5,暖かい毛皮,10
ギルドガードカフス蒼,1,2,6,1,6,6,1,25,56,0,0,0,0,0,采配,2,護石王,2,,,,,,,ギルドチケット,1,ポッケチケット,1,夜鳥の上羽鱗,5,暖かい毛皮,10
ギルドガードグラブ蒼,2,1,6,1,6,6,1,50,112,0,0,0,0,0,采配,2,護石王,2,,,,,,,ギルドチケット,1,ポッケチケット,1,夜鳥の上羽鱗,5,暖かい毛皮,10
ギルドガードカフス蒼,2,2,6,1,6,6,1,25,56,0,0,0,0,0,采配,2,護石王,2,,,,,,,ギルドチケット,1,ポッケチケット,1,夜鳥の上羽鱗,5,暖かい毛皮,10
ギルドガードグラブ紅,1,1,6,1,6,6,1,50,112,0,0,0,0,0,采配,2,剥ぎ取り,2,,,,,,,ギルドチケット,1,ポッケチケット,1,赤甲獣の堅殻,5,怪鳥の甲殻,5
ギルドガードカフス紅,1,2,6,1,6,6,1,25,56,0,0,0,0,0,采配,2,剥ぎ取り,2,,,,,,,ギルドチケット,1,ポッケチケット,1,赤甲獣の堅殻,5,怪鳥の甲殻,5
ギルドガードグラブ紅,2,1,6,1,6,6,1,50,112,0,0,0,0,0,采配,2,剥ぎ取り,2,,,,,,,ギルドチケット,1,ポッケチケット,1,赤甲獣の堅殻,5,怪鳥の甲殻,5
ギルドガードカフス紅,2,2,6,1,6,6,1,25,56,0,0,0,0,0,采配,2,剥ぎ取り,2,,,,,,,ギルドチケット,1,ポッケチケット,1,赤甲獣の堅殻,5,怪鳥の甲殻,5
ヘルパーＳカフス,2,1,6,1,6,99,0,50,112,0,0,0,0,0,広域,3,回復量,2,,,,,,,ポッケチケット,1,ノヴァクリスタル,2,雪獅子の毛,3,真珠色の柔皮,4
ヒーラーＳカフス,2,2,6,1,6,99,0,25,56,0,0,0,0,0,広域,3,回復量,2,,,,,,,ポッケチケット,1,ノヴァクリスタル,2,雪獅子の毛,3,真珠色の柔皮,4
ヘルパーＵカフス,2,1,6,0,6,99,0,50,112,0,0,0,0,0,広域,3,重撃,2,観察眼,2,,,,,ポッケチケット,1,ノヴァクリスタル,2,迅竜の黒毛,3,真珠色の柔皮,4
ヒーラーＵカフス,2,2,6,0,6,99,0,25,56,0,0,0,0,0,千里眼,3,重撃,2,回復量,2,,,,,ポッケチケット,1,ノヴァクリスタル,2,迅竜の黒毛,3,真珠色の柔皮,4
ギルドバードＳアーム,1,1,6,1,6,99,0,50,112,0,0,0,0,0,号令,2,運気,2,,,,,,,ギルドチケット,1,龍歴院チケット,1,海綿質の上皮,5,カブレライト鉱石,5
ギルドバードＳカフス,1,2,6,1,6,99,0,25,56,0,0,0,0,0,号令,2,運気,2,,,,,,,ギルドチケット,1,龍歴院チケット,1,海綿質の上皮,5,カブレライト鉱石,5
三眼の腕輪,0,0,6,3,6,99,0,15,46,0,0,0,0,0,,,,,,,,,,,堅竜骨,2,ノヴァクリスタル,2,,,,
撫子・華【球袖】,2,1,6,1,7,99,0,50,112,0,0,0,0,0,無心,2,千里眼,2,観察眼,2,,,,,ユクモチケット,1,ユクモの堅木,2,雷狼竜の高電毛,4,ノヴァクリスタル,2
桔梗・華【球袖】,2,2,6,1,7,99,0,25,56,0,0,0,0,0,無心,2,千里眼,2,観察眼,2,,,,,ユクモチケット,1,ユクモの堅木,2,雷狼竜の高電毛,4,ノヴァクリスタル,2
エースアーム,1,1,6,0,8,99,0,50,112,0,0,0,0,0,斬れ味,2,剣術,2,気力回復,2,,,,,ベルナチケット,1,獰猛化絞蛇竜殻,1,轟竜の尖爪,3,古龍の血,2
エースガード,1,2,6,0,8,99,0,25,56,0,0,0,0,0,装填数,2,弾薬節約,2,気力回復,2,,,,,ベルナチケット,1,獰猛化絞蛇竜殻,1,轟竜の尖爪,3,古龍の血,2
クイーンアーム,2,1,6,0,8,99,0,50,112,0,0,0,0,0,斬れ味,2,剣術,2,気力回復,2,,,,,ベルナチケット,1,獰猛化絞蛇竜殻,1,轟竜の尖爪,3,古龍の血,2
クイーンガード,2,2,6,0,8,99,0,25,56,0,0,0,0,0,装填数,2,弾薬節約,2,気力回復,2,,,,,ベルナチケット,1,獰猛化絞蛇竜殻,1,轟竜の尖爪,3,古龍の血,2
ホークアーム,1,1,6,0,7,6,1,50,112,0,0,0,0,0,狂撃耐性,3,食事,2,体術,1,,,,,ベルナチケット,1,上質な毛皮,2,徹甲虫の薄羽,4,奇猿狐の剛毛,2
ホークガード,1,2,6,0,7,6,1,25,56,0,0,0,0,0,狂撃耐性,3,食事,2,体術,1,,,,,ベルナチケット,1,上質な毛皮,2,徹甲虫の薄羽,4,奇猿狐の剛毛,2
グルニャンＳマンシュ,0,1,6,0,6,99,0,56,118,1,1,1,1,1,研ぎ師,4,スタミナ,3,,,,,,,獰猛化エキス,1,ビストロチケット,2,ポッケチケット,1,金獅子の黒毛,3
グルニャンＳミトン,0,2,6,0,6,99,0,28,59,1,1,1,1,1,弾薬節約,4,スタミナ,3,,,,,,,獰猛化エキス,1,ビストロチケット,2,ポッケチケット,1,金獅子の黒毛,3
サージュＳグラブ,0,1,6,1,6,99,0,50,112,0,0,0,0,0,細菌学,3,捕獲,1,,,,,,,龍歴院チケット,1,雲羊鹿の毛玉,5,獰猛な竜骨,2,斬竜の焔状殻,2
サージュＳカフス,0,2,6,1,6,99,0,25,56,0,0,0,0,0,細菌学,3,捕獲,1,,,,,,,龍歴院チケット,1,雲羊鹿の毛玉,5,獰猛な竜骨,2,斬竜の焔状殻,2
城塞遊撃隊【手甲】,0,1,6,1,8,99,0,56,118,0,0,0,0,0,攻撃,3,気力回復,1,跳躍,1,,,,,ギルドチケット,1,千刃竜の刻爪,3,凍結袋,4,ジャギィの鱗,12
城塞弓撃隊【手甲】,0,2,6,1,8,99,0,28,59,0,0,0,0,0,攻撃,3,気力回復,1,跳躍,1,,,,,ギルドチケット,1,千刃竜の刻爪,3,凍結袋,4,ジャギィの鱗,12
忍の篭手・天,0,1,7,0,8,99,0,56,118,2,-1,2,-1,1,痛撃,4,気配,2,,,,,,,ギルドチケット,1,煌黒龍の翼膜,1,雌火竜の上鱗,5,古龍の血,2
忍の篭手・地,0,2,7,0,8,99,0,28,59,2,-1,2,-1,2,痛撃,4,気配,2,,,,,,,ギルドチケット,1,煌黒龍の翼膜,1,雌火竜の上鱗,5,古龍の血,2
忍の篭手・空,0,1,7,1,8,99,0,60,122,2,-1,2,-1,1,特殊会心,4,連撃,2,,,,,,,ギルドチケット,1,煌黒龍の翼膜,1,金火竜の上鱗,3,古龍の血,2
忍の篭手・海,0,2,7,1,8,99,0,30,61,2,-1,2,-1,2,特殊会心,4,連撃,2,,,,,,,ギルドチケット,1,煌黒龍の翼膜,1,金火竜の上鱗,3,古龍の血,2
龍歴士アーム,0,1,7,1,7,6,1,66,128,2,2,-2,-2,2,寒冷適応,2,炎熱適応,2,研磨術,2,,,,,ベルナチケット,2,龍歴院チケット,2,勇気の証Ｇ,2,竜玉,1
龍歴士ガード,0,2,7,1,7,6,1,33,64,2,2,-2,-2,3,寒冷適応,2,炎熱適応,2,研磨術,2,,,,,ベルナチケット,2,龍歴院チケット,2,勇気の証Ｇ,2,竜玉,1
マスターアーム,0,1,7,1,7,99,0,66,128,2,-2,2,-2,2,無心,2,加護,2,英雄の盾,2,,,,,ココットチケット,2,勇気の証Ｇ,2,いにしえの龍骨,3,竜玉,1
マスターガード,0,2,7,1,7,99,0,33,64,3,-2,2,-2,2,無心,2,加護,2,英雄の盾,2,,,,,ココットチケット,2,勇気の証Ｇ,2,いにしえの龍骨,3,竜玉,1
ブラックＳクロウ,0,1,7,0,8,99,0,66,128,2,2,2,2,-5,属性耐性,2,抜刀会心,2,溜め短縮,2,,,,,発光する上粘液,2,ポッケチケット,2,黒いかけら,3,いにしえの龍骨,3
ブラックＳフィスト,0,2,7,0,8,99,0,33,64,2,2,2,3,-5,属性耐性,2,貫通弾強化,2,溜め短縮,2,,,,,発光する上粘液,2,ポッケチケット,2,黒いかけら,3,いにしえの龍骨,3
桐花【篭手】,0,1,7,0,8,99,0,66,128,-2,2,2,2,-2,会心強化,3,連撃,2,属性会心,2,,,,,ユクモチケット,2,足湯チケット,1,希望の証Ｇ,2,古龍の浄血,1
三葵【篭手】,0,2,7,0,8,99,0,33,64,-2,2,3,2,-2,連撃,2,属性会心,2,会心強化,2,,,,,ユクモチケット,2,足湯チケット,1,希望の証Ｇ,2,古龍の浄血,1
EXレイアＳアーム,0,1,7,0,8,99,0,64,126,4,0,-3,0,-4,ガード性能,5,根性,2,ガード強化,1,,,,,EX火竜チケットＳ,1,雌火竜の堅殻,5,火竜の翼爪,5,獄炎石,3
EXレイアＳガード,0,2,7,0,8,99,0,32,63,6,0,-3,0,-4,ガード性能,5,根性,2,ガード強化,1,,,,,EX火竜チケットＳ,1,雌火竜の堅殻,5,火竜の翼爪,5,獄炎石,3
EXレウスＳアーム,0,1,7,1,8,99,0,64,126,5,0,-4,0,-4,攻撃,3,炎熱適応,2,痛撃,1,,,,,EX火竜チケットＳ,1,火竜の上鱗,4,火竜の翼爪,5,獄炎石,3
EXレウスＳガード,0,2,7,1,8,99,0,32,63,6,0,-4,0,-4,攻撃,3,炎熱適応,2,痛撃,1,,,,,EX火竜チケットＳ,1,火竜の上鱗,4,火竜の翼爪,5,獄炎石,3
EXレックスＳアーム,0,1,7,1,8,6,1,64,126,2,0,-4,0,-3,スタミナ,3,気力回復,3,体術,1,,,,,EX轟竜チケットＳ,1,轟竜の鋭牙,5,轟竜の爪,6,奇猿狐の鉤爪,5
EXレックスＳガード,0,2,7,1,8,6,1,32,63,4,0,-4,0,-3,スタミナ,3,気力回復,3,体術,1,,,,,EX轟竜チケットＳ,1,轟竜の鋭牙,5,轟竜の爪,6,奇猿狐の鉤爪,5
アークＳアーム,1,1,7,2,7,99,0,68,130,-2,2,0,2,-4,節食,3,匠,2,無傷,2,,,,,天廻龍の鋭浄爪,3,天廻龍の上鱗,2,天廻龍の堅殻,5,天廻龍の虹翼,2
アークＳガード,1,2,7,2,7,99,0,34,65,-2,2,0,2,-3,節食,3,無傷,2,通常弾強化,1,,,,,天廻龍の鋭浄爪,3,天廻龍の上鱗,2,天廻龍の堅殻,5,天廻龍の虹翼,2
フィリアＳアーム,2,1,7,2,7,99,0,68,130,-2,2,0,2,-4,節食,3,匠,2,無傷,2,,,,,天廻龍の鋭浄爪,3,天廻龍の上鱗,2,天廻龍の堅殻,5,天廻龍の虹翼,2
フィリアＳガード,2,2,7,2,7,99,0,34,65,-2,2,0,2,-3,節食,3,無傷,2,通常弾強化,1,,,,,天廻龍の鋭浄爪,3,天廻龍の上鱗,2,天廻龍の堅殻,5,天廻龍の虹翼,2
EXアークアーム,1,1,7,2,7,6,1,72,134,-2,2,0,2,-4,節食,3,ガード性能,2,チャンス,2,,,,,EX天廻龍チケット,1,天廻龍の上虹翼,4,天廻龍の角,4,黒蝕竜の堅殻,4
EXアークガード,1,2,7,2,7,6,1,36,67,-2,2,0,2,-3,節食,3,反動,2,チャンス,2,,,,,EX天廻龍チケット,1,天廻龍の上虹翼,4,天廻龍の角,4,黒蝕竜の堅殻,4
EXフィリアアーム,2,1,7,2,7,6,1,72,134,-2,2,0,2,-4,節食,3,ガード性能,2,チャンス,2,,,,,EX天廻龍チケット,1,天廻龍の上虹翼,4,天廻龍の角,4,黒蝕竜の堅殻,4
EXフィリアガード,2,2,7,2,7,6,1,36,67,-2,2,0,2,-3,節食,3,反動,2,チャンス,2,,,,,EX天廻龍チケット,1,天廻龍の上虹翼,4,天廻龍の角,4,黒蝕竜の堅殻,4
アークＲアーム,1,1,7,0,8,99,0,64,126,-2,2,0,2,-4,匠,5,,,,,,,,,獰猛な蝕龍鱗,1,天廻龍の上鱗,5,獰猛な尖爪,1,天廻龍素材,8
アークＲガード,1,2,7,0,8,99,0,32,63,-2,2,0,2,-3,通常弾強化,5,,,,,,,,,獰猛な蝕龍鱗,1,天廻龍の上鱗,5,獰猛な尖爪,1,天廻龍素材,8
フィリアＲアーム,2,1,7,0,8,99,0,64,126,-2,2,0,2,-4,匠,5,,,,,,,,,獰猛な蝕龍鱗,1,天廻龍の上鱗,5,獰猛な尖爪,1,天廻龍素材,8
フィリアＲガード,2,2,7,0,8,99,0,32,63,-2,2,0,2,-3,通常弾強化,5,,,,,,,,,獰猛な蝕龍鱗,1,天廻龍の上鱗,5,獰猛な尖爪,1,天廻龍素材,8
クシャナＳハトゥー,0,1,7,1,8,99,0,72,134,-1,2,-2,3,-3,匠,3,耐暑,2,毒,-2,,,,,鋼龍の堅殻,3,鋼龍の尖爪,1,鋼の上龍鱗,3,古龍骨,5
クシャナＳマカーン,0,2,7,1,8,99,0,36,67,-1,2,-2,5,-3,耐暑,2,速射,2,毒,-2,,,,,鋼龍の堅殻,3,鋼龍の尖爪,1,鋼の上龍鱗,3,古龍骨,5
EXクシャナハトゥー,0,1,7,1,8,99,0,76,138,-1,2,-2,3,-3,連撃,3,跳躍,3,ガード性能,1,,,,,EX鋼龍チケット,1,鋼龍の堅殻,5,鋼の上龍鱗,6,鋼龍素材(pts),8
EXクシャナマカーン,0,2,7,1,8,99,0,38,69,-1,2,-2,5,-3,連撃,3,跳躍,3,装填速度,1,,,,,EX鋼龍チケット,1,鋼龍の堅殻,5,鋼の上龍鱗,6,鋼龍素材(pts),8
クシャナＲハトゥー,0,1,7,1,8,99,0,68,130,-1,2,-2,3,-3,匠,4,毒,-4,,,,,,,古龍の浄血,1,獰猛な氷塊,2,鋼龍の尖爪,5,獰猛化素材(上位pts),8
クシャナＲマカーン,0,2,7,1,8,99,0,34,65,-1,2,-2,5,-3,装填数,4,毒,-4,,,,,,,古龍の浄血,1,獰猛な氷塊,2,鋼龍の尖爪,5,獰猛化素材(上位pts),8
ミヅハ覇【大袖】,0,1,7,1,8,99,0,56,118,-5,1,0,2,-3,風圧,3,聴覚保護,2,特殊攻撃,2,,,,,霞龍の尖爪,2,霞龍の上皮,3,古龍骨,4,古龍の血,2
トヨタマ覇【大袖】,0,2,7,1,8,99,0,28,59,-4,1,0,2,-3,風圧,3,聴覚保護,2,特殊攻撃,2,,,,,霞龍の尖爪,2,霞龍の上皮,3,古龍骨,4,古龍の血,2
EXミヅハ【大袖】,0,1,7,0,8,99,0,60,122,-5,1,0,2,-3,聴覚保護,3,笛,2,茸食,2,,,,,EX霞龍チケット,1,霞龍の上皮,5,霞龍の尖爪,5,,
EXトヨタマ【大袖】,0,2,7,0,8,99,0,30,61,-4,1,0,2,-3,聴覚保護,3,気配,2,茸食,2,,,,,EX霞龍チケット,1,霞龍の上皮,5,霞龍の尖爪,5,,
カイザーＳアーム,0,1,7,0,8,99,0,66,128,4,-4,1,-1,-3,闘魂,3,毒,2,気力回復,2,,,,,炎王龍の堅殻,4,炎龍の尖爪,3,獄炎石,2,古龍の血,3
カイザーＳガード,0,2,7,0,8,99,0,33,64,4,-3,1,-1,-3,闘魂,3,毒,2,気力回復,2,,,,,炎王龍の堅殻,4,炎龍の尖爪,3,獄炎石,2,古龍の血,3
EXカイザーアーム,0,1,7,0,8,99,0,70,132,4,-4,1,-1,-3,達人,4,聴覚保護,2,回避性能,2,,,,,EX炎王龍チケット,1,炎王龍の堅殻,5,炎龍の尖爪,5,,
EXカイザーガード,0,2,7,0,8,99,0,35,66,4,-3,1,-1,-3,達人,4,聴覚保護,2,回避性能,2,,,,,EX炎王龍チケット,1,炎王龍の堅殻,5,炎龍の尖爪,5,,
シルバーソルアーム,0,1,7,1,7,99,0,66,128,2,-6,-4,0,4,痛撃,2,会心強化,2,気絶,-2,,,,,銀火竜の尻尾,1,火竜の延髄,2,火竜の翼爪,4,獄炎石,3
シルバーソルガード,0,2,7,1,7,99,0,33,64,2,-5,-4,0,4,会心強化,2,痛撃,1,気絶,-2,,,,,銀火竜の尻尾,1,火竜の延髄,2,火竜の翼爪,4,獄炎石,3
EXＳ・ソルアーム,0,1,7,0,8,99,0,70,132,2,-6,-4,0,4,剥ぎ取り,3,護石王,2,剣術,-3,,,,,EX銀火竜チケット,1,銀火竜の尻尾,2,火竜の尻尾,4,,
EXＳ・ソルガード,0,2,7,0,8,99,0,35,66,2,-5,-4,0,4,剥ぎ取り,3,護石王,2,精密射撃,-3,,,,,EX銀火竜チケット,1,銀火竜の尻尾,2,火竜の尻尾,4,,
Ｓ・ソルＲアーム,0,1,7,0,8,99,0,62,124,2,-6,-4,0,4,会心強化,4,斬れ味,-4,,,,,,,獰猛化銀火竜鱗,1,銀火竜の堅殻,5,銀火竜の尻尾,3,獰猛化素材(上位pts),8
Ｓ・ソルＲガード,0,2,7,0,8,99,0,31,62,2,-5,-4,0,4,会心強化,4,調合成功率,-4,,,,,,,獰猛化銀火竜鱗,1,銀火竜の堅殻,5,銀火竜の尻尾,3,獰猛化素材(上位pts),8
ゴールドルナアーム,0,1,7,1,7,99,0,64,126,2,-4,-6,0,4,効果持続,4,節食,2,加護,1,,,,,金火竜の堅殻,4,火竜の翼爪,3,雌火竜の上棘,2,ユニオン鉱石,4
ゴールドルナガード,0,2,7,1,7,99,0,32,63,2,-4,-5,0,4,効果持続,4,節食,2,,,,,,,金火竜の堅殻,4,火竜の翼爪,3,雌火竜の上棘,2,ユニオン鉱石,4
EXＧ・ルナアーム,0,1,7,0,8,99,0,68,130,2,-4,-6,0,4,運気,4,護石王,2,体力,-3,,,,,EX金火竜チケット,1,金火竜の堅殻,5,雌火竜の棘,4,,
EXＧ・ルナガード,0,2,7,0,8,99,0,34,65,2,-4,-5,0,4,運気,4,護石王,2,体力,-3,,,,,EX金火竜チケット,1,金火竜の堅殻,5,雌火竜の棘,4,,
怒天ノ篭手,0,1,7,0,8,99,0,70,132,2,1,3,-6,2,溜め短縮,5,斬れ味,3,無心,2,,,,,金獅子の怒髪,2,金獅子の闘魂,1,金獅子の尻尾,2,銀火竜の上鱗,2
心滅ノ篭手,0,2,7,0,8,99,0,35,66,2,1,3,-5,2,溜め短縮,5,弾薬節約,3,無心,2,,,,,金獅子の怒髪,2,金獅子の闘魂,1,金獅子の尻尾,2,銀火竜の上鱗,2
グリードアーム,0,1,7,0,8,99,0,70,132,-2,-2,-5,-2,-2,匠,3,斬れ味,2,腹減り,-2,,,,,ドス黒い血,3,恐暴竜の黒鱗,5,恐暴竜の黒皮,2,古龍の浄血,1
グリードガード,0,2,7,1,8,99,0,35,66,-2,-2,-4,-2,-2,通常弾強化,2,射法,2,腹減り,-2,,,,,ドス黒い血,3,恐暴竜の黒鱗,5,恐暴竜の黒皮,2,古龍の浄血,1
グリードＲアーム,0,1,7,3,8,99,0,66,128,-2,-2,-5,-2,-2,匠,2,,,,,,,,,獰猛化恐暴竜鱗,1,歴戦の漆黒皮,5,恐暴竜の鉤爪,6,獰猛化素材(上位pts),8
グリードＲガード,0,2,7,3,8,99,0,33,64,-2,-2,-4,-2,-2,通常弾強化,2,,,,,,,,,獰猛化恐暴竜鱗,1,歴戦の漆黒皮,5,恐暴竜の鉤爪,6,獰猛化素材(上位pts),8
アカムトサクンペ,0,1,7,0,8,99,0,74,136,4,0,-3,2,-5,聴覚保護,3,鈍器,3,剣術,2,,,,,覇竜の剛爪,4,覇竜の上鱗,4,覇竜の大棘,2,獄炎石,5
アカムトノキリペ,0,2,7,0,8,99,0,37,68,4,0,-3,2,-4,聴覚保護,3,精密射撃,3,貫通弾強化,2,,,,,覇竜の剛爪,4,覇竜の上鱗,4,覇竜の大棘,2,獄炎石,5
アカムトＲサクンペ,0,1,7,1,8,99,0,70,132,4,0,-3,2,-5,鈍器,5,聴覚保護,1,剣術,1,,,,,大竜結晶,1,獰猛な炎鱗,2,覇竜の剛爪,5,獰猛化素材(上位pts),8
アカムトＲノキリペ,0,2,7,1,8,99,0,35,66,4,0,-3,2,-4,貫通弾強化,5,聴覚保護,1,装填数,1,,,,,大竜結晶,1,獰猛な炎鱗,2,覇竜の剛爪,5,獰猛化素材(上位pts),8
ウカムルサクンペ,0,1,7,0,8,99,0,80,142,-4,0,-3,4,-2,攻撃,4,斬れ味,2,回復量,2,,,,,崩竜の腹鱗,2,崩竜の穿爪,4,崩竜の尻尾,1,白兎獣の凍爪,6
ウカムルノキリペ,0,2,7,0,8,99,0,40,71,-4,0,-3,4,-2,攻撃,4,散弾強化,2,回復量,2,,,,,崩竜の腹鱗,2,崩竜の穿爪,4,崩竜の尻尾,1,白兎獣の凍爪,6
荒天【袂】,0,1,7,0,8,99,0,70,132,-3,4,0,0,-5,回避性能,3,本気,3,研ぎ師,-2,,,,,嵐龍の鋭爪,4,嵐龍の飛膜,4,嵐気胞,3,泡立つ上滑液,2
蒼天【袂】,0,2,7,0,8,99,0,35,66,-3,5,0,0,-5,回避性能,3,本気,3,精密射撃,-2,,,,,嵐龍の鋭爪,4,嵐龍の飛膜,4,嵐気胞,3,泡立つ上滑液,2
荒天亜流【袂】,0,1,7,1,8,99,0,66,128,-3,4,0,0,-5,回避性能,4,本気,2,研ぎ師,-2,,,,,嵐龍の鋭爪,5,獰猛な水袋,2,古龍の浄血,1,獰猛化素材(上位pts),8
蒼天亜流【袂】,0,2,7,1,8,99,0,33,64,-3,5,0,0,-5,回避性能,3,本気,2,精密射撃,-2,,,,,嵐龍の鋭爪,5,獰猛な水袋,2,古龍の浄血,1,獰猛化素材(上位pts),8
骸装甲・覇【上腕骨】,0,1,7,1,8,99,0,70,132,-1,-1,-1,-1,-2,逆上,3,窮地,2,回復速度,-3,,,,,堅骸体殻,3,発光する上粘液,1,骸椎骨,6,上質な鳥竜骨,10
屍装甲・覇【上腕骨】,0,2,7,1,8,99,0,35,66,-1,-1,-1,-1,-1,逆上,2,窮地,2,回復速度,-3,,,,,堅骸体殻,3,発光する上粘液,1,骸椎骨,6,上質な鳥竜骨,10
アスリスタアーム,0,1,7,1,8,99,0,70,132,0,2,1,1,-4,チャンス,2,無心,2,気まぐれ,-2,,,,,骸龍の口腕甲,2,骸龍の喰砕牙,2,発光する上粘液,1,迅竜の骨髄,2
アスリスタガード,0,2,7,1,8,99,0,35,66,0,2,1,1,-3,チャンス,2,無心,2,気まぐれ,-2,,,,,骸龍の口腕甲,2,骸龍の喰砕牙,2,発光する上粘液,1,迅竜の骨髄,2
エスカドラアムズ,0,1,7,0,8,99,0,76,138,0,0,0,0,-4,属性耐性,2,属性攻撃,2,属性会心,2,,,,,煌黒龍の尖爪,4,煌黒龍の堅逆殻,4,古龍の血,3,恐暴竜の頭殻,1
エスカドラアルマ,0,2,7,0,8,99,0,38,69,0,0,0,0,-4,属性耐性,2,属性攻撃,2,属性会心,2,,,,,煌黒龍の尖爪,4,煌黒龍の堅逆殻,4,古龍の血,3,恐暴竜の頭殻,1
エスカドラＲアムズ,0,1,7,1,8,99,0,72,134,0,0,0,0,-4,属性攻撃,5,属性会心,2,,,,,,,煌黒龍の尖爪,5,獰猛な蝕龍鱗,2,古龍の浄血,1,獰猛化素材(上位pts),8
エスカドラＲアルマ,0,2,7,1,8,99,0,36,67,0,0,0,0,-4,属性攻撃,4,属性会心,2,,,,,,,煌黒龍の尖爪,5,獰猛な蝕龍鱗,2,古龍の浄血,1,獰猛化素材(上位pts),8
団長の腕輪,0,0,7,0,7,6,1,30,61,2,2,2,2,2,加護,6,,,,,,,,,ベルナチケット,1,天廻龍の堅殻,2,マレコガネ,5,,
異形アーム,0,1,5,0,4,99,0,44,106,1,1,1,1,3,体力,3,笛,2,重撃,2,,,,,異形の骨,1,矛砕の爪,2,尖竜骨,2,麻痺袋,5
異形ガード,0,2,5,0,4,99,0,22,53,2,2,2,2,3,体力,3,笛,2,重撃,2,,,,,異形の骨,1,矛砕の爪,2,尖竜骨,2,麻痺袋,5
LV1 紅兜アーム,0,1,X,0,2,2,1,26,48,-2,2,1,-1,0,体術,3,防御,2,,,,,,,紅兜狩猟の証１,1,紅兜の甲殻,2,青熊獣の腕甲,3,異形の骨,2
LV1 紅兜ガード,0,2,X,0,2,2,1,13,24,-2,3,1,-1,0,体術,3,防御,2,,,,,,,紅兜狩猟の証１,1,紅兜の甲殻,2,青熊獣の腕甲,3,異形の骨,2
LV6 紅兜アーム,0,1,X,0,6,2,1,54,116,-2,2,1,-1,0,体術,3,防御,2,紅兜,3,,,,,紅兜狩猟の証６,1,紅兜の毛,2,,,,
LV6 紅兜ガード,0,2,X,0,6,2,1,27,58,-2,3,1,-1,0,体術,3,防御,2,紅兜,2,,,,,紅兜狩猟の証６,1,紅兜の毛,2,,,,
LV1 大雪主アーム,0,1,X,0,2,99,0,22,44,-4,3,-2,4,0,回復速度,3,跳躍,2,,,,,,,大雪主狩猟の証１,1,大雪主の腹甲,2,白兎獣の氷爪,6,異形の骨,2
LV1 大雪主ガード,0,2,X,0,2,99,0,11,22,-4,3,-2,5,0,回復速度,3,跳躍,2,,,,,,,大雪主狩猟の証１,1,大雪主の腹甲,2,白兎獣の氷爪,6,異形の骨,2
LV6 大雪主アーム,0,1,X,0,6,99,0,50,112,-4,3,-2,4,0,回復速度,3,跳躍,2,大雪主,2,,,,,大雪主狩猟の証６,1,大雪主の腹甲,2,,,,
LV6 大雪主ガード,0,2,X,0,6,99,0,25,56,-4,3,-2,5,0,回復速度,3,跳躍,2,大雪主,2,,,,,大雪主狩猟の証６,1,大雪主の腹甲,2,,,,
LV1 矛砕アーム,0,1,X,0,2,99,0,30,52,0,4,-4,0,0,泡沫,2,窮地,2,,,,,,,矛砕狩猟の証１,1,矛砕の爪,2,盾蟹の甲殻,5,異形の骨,2
LV1 矛砕ガード,0,2,X,0,2,99,0,15,26,0,5,-4,0,0,泡沫,2,窮地,2,,,,,,,矛砕狩猟の証１,1,矛砕の爪,2,盾蟹の甲殻,5,異形の骨,2
LV6 矛砕アーム,0,1,X,0,6,99,0,58,120,0,4,-4,0,0,泡沫,2,窮地,2,矛砕,2,,,,,矛砕狩猟の証６,1,矛砕の爪,2,,,,
LV6 矛砕ガード,0,2,X,0,6,99,0,29,60,0,5,-4,0,0,泡沫,2,窮地,2,矛砕,2,,,,,矛砕狩猟の証６,1,矛砕の爪,2,,,,
LV1 紫毒姫アーム,0,1,X,0,2,99,0,30,52,4,0,-1,0,-3,達人,3,特殊会心,2,,,,,,,紫毒姫狩猟の証１,1,紫毒姫の甲殻,3,火竜の翼爪,6,火炎袋,5
LV1 紫毒姫ガード,0,2,X,0,2,99,0,15,26,4,1,-1,1,-3,達人,3,特殊会心,2,,,,,,,紫毒姫狩猟の証１,1,紫毒姫の甲殻,3,火竜の翼爪,6,火炎袋,5
LV6 紫毒姫アーム,0,1,X,0,7,99,0,58,120,4,0,-1,0,-3,達人,3,特殊会心,2,紫毒姫,2,,,,,紫毒姫狩猟の証６,1,紫毒姫の甲殻,2,,,,
LV6 紫毒姫ガード,0,2,X,0,7,99,0,29,60,4,1,-1,1,-3,達人,3,特殊会心,2,紫毒姫,2,,,,,紫毒姫狩猟の証６,1,紫毒姫の甲殻,2,,,,
LV1 岩穿アーム,0,1,X,0,4,99,0,52,72,3,-3,-2,0,0,ガード性能,3,痛撃,2,,,,,,,岩穿狩猟の証１,1,岩穿の甲殻,2,鬼蛙の尖爪,3,異形の骨,2
LV1 岩穿ガード,0,2,X,0,4,99,0,26,36,4,-3,-2,1,1,装填速度,3,痛撃,2,,,,,,,岩穿狩猟の証１,1,岩穿の甲殻,2,鬼蛙の尖爪,3,異形の骨,2
LV6 岩穿アーム,0,1,X,0,6,99,0,76,106,3,-3,-2,0,0,ガード性能,3,痛撃,2,岩穿,3,,,,,岩穿狩猟の証６,1,岩穿の鱗,2,,,,
LV6 岩穿ガード,0,2,X,0,6,99,0,38,53,4,-3,-2,1,1,装填速度,3,痛撃,2,岩穿,2,,,,,岩穿狩猟の証６,1,岩穿の鱗,2,,,,
LV1 白疾風アーム,0,1,X,0,5,2,1,44,64,-2,1,-3,0,0,会心強化,2,回避距離,2,,,,,,,白疾風狩猟の証１,1,白疾風の鱗,3,迅竜の鋭刃翼,4,尖竜骨,4
LV1 白疾風ガード,0,2,X,0,5,2,1,22,32,-2,1,-3,1,1,会心強化,2,回避距離,2,,,,,,,白疾風狩猟の証１,1,白疾風の鱗,3,迅竜の鋭刃翼,4,尖竜骨,4
LV6 白疾風アーム,0,1,X,0,7,2,1,68,98,-2,1,-3,0,0,会心強化,2,回避距離,2,白疾風,2,,,,,白疾風狩猟の証６,1,白疾風の黒毛,2,,,,
LV6 白疾風ガード,0,2,X,0,7,2,1,34,49,-2,1,-3,1,1,会心強化,2,回避距離,2,白疾風,2,,,,,白疾風狩猟の証６,1,白疾風の黒毛,2,,,,
LV1 宝纏アーム,0,1,X,0,5,99,0,70,90,4,-4,1,1,-2,運気,3,チャンス,2,,,,,,,宝纏狩猟の証１,1,宝纏の宝顎,1,爆鎚竜の堅殻,5,異形の骨,2
LV1 宝纏ガード,0,2,X,0,5,99,0,35,45,5,-4,1,1,-2,運気,3,チャンス,2,,,,,,,宝纏狩猟の証１,1,宝纏の宝顎,1,爆鎚竜の堅殻,5,異形の骨,2
LV6 宝纏アーム,0,1,X,0,7,99,0,94,124,4,-4,1,1,-2,運気,3,チャンス,2,宝纏,3,,,,,宝纏狩猟の証６,1,宝纏の宝顎,2,,,,
LV6 宝纏ガード,0,2,X,0,7,99,0,47,62,5,-4,1,1,-2,運気,3,チャンス,2,宝纏,2,,,,,宝纏狩猟の証６,1,宝纏の宝顎,2,,,,
LV1 隻眼アーム,0,1,X,0,5,99,0,66,86,2,-4,2,-2,0,連撃,2,根性,2,,,,,,,隻眼狩猟の証１,1,隻眼の鱗,5,黒狼鳥の地獄耳,3,異形の骨,2
LV1 隻眼ガード,0,2,X,0,5,99,0,33,43,3,-4,3,-2,0,連撃,2,根性,2,,,,,,,隻眼狩猟の証１,1,隻眼の鱗,5,黒狼鳥の地獄耳,3,異形の骨,2
LV6 隻眼アーム,0,1,X,0,7,99,0,90,120,2,-4,2,-2,0,連撃,2,根性,2,隻眼,2,,,,,隻眼狩猟の証６,1,隻眼の甲殻,2,,,,
LV6 隻眼ガード,0,2,X,0,7,99,0,45,60,3,-4,3,-2,0,連撃,2,根性,2,隻眼,2,,,,,隻眼狩猟の証６,1,隻眼の甲殻,2,,,,
LV1 黒炎王アーム,0,1,X,0,6,99,0,68,88,5,0,-2,0,-3,聴覚保護,3,痛撃,3,,,,,,,黒炎王狩猟の証１,1,黒炎王の鱗,2,火竜の堅殻,5,異形の骨,2
LV1 黒炎王ガード,0,2,X,0,6,99,0,34,44,5,1,-2,1,-3,聴覚保護,3,痛撃,3,,,,,,,黒炎王狩猟の証１,1,黒炎王の鱗,2,火竜の堅殻,5,異形の骨,2
LV6 黒炎王アーム,0,1,X,0,7,99,0,92,122,5,0,-2,0,-3,聴覚保護,3,痛撃,3,黒炎王,2,,,,,黒炎王狩猟の証６,1,黒炎王の堅殻,2,,,,
LV6 黒炎王ガード,0,2,X,0,7,99,0,46,61,5,1,-2,1,-3,聴覚保護,3,痛撃,3,黒炎王,2,,,,,黒炎王狩猟の証６,1,黒炎王の堅殻,2,,,,
LV1 金雷公アーム,0,1,X,0,6,99,0,68,88,0,0,4,-3,1,狂撃耐性,2,スタミナ,2,,,,,,,金雷公狩猟の証１,1,金雷公の帯電毛,2,雷狼竜の尖爪,4,異形の骨,2
LV1 金雷公ガード,0,2,X,0,6,99,0,34,44,0,0,5,-3,1,狂撃耐性,2,スタミナ,2,,,,,,,金雷公狩猟の証１,1,金雷公の帯電毛,2,雷狼竜の尖爪,4,異形の骨,2
LV6 金雷公アーム,0,1,X,0,7,99,0,92,122,0,0,4,-3,1,狂撃耐性,2,スタミナ,2,金雷公,2,,,,,金雷公狩猟の証６,1,金雷公の甲殻,2,,,,
LV6 金雷公ガード,0,2,X,0,7,99,0,46,61,0,0,5,-3,1,狂撃耐性,2,スタミナ,2,金雷公,2,,,,,金雷公狩猟の証６,1,金雷公の甲殻,2,,,,
LV1 荒鉤爪アーム,0,1,X,0,6,99,0,70,90,2,1,-4,1,-2,抜刀会心,2,重撃,2,,,,,,,荒鉤爪狩猟の証１,1,荒鉤爪の鱗,2,轟竜の尖爪,6,異形の骨,2
LV1 荒鉤爪ガード,0,2,X,0,6,99,0,35,45,3,1,-4,1,-2,通常弾強化,2,重撃,2,,,,,,,荒鉤爪狩猟の証１,1,荒鉤爪の鱗,2,轟竜の尖爪,6,異形の骨,2
LV6 荒鉤爪アーム,0,1,X,0,7,99,0,94,124,2,1,-4,1,-2,抜刀会心,2,重撃,2,荒鉤爪,3,,,,,荒鉤爪狩猟の証６,1,荒鉤爪の鱗,2,,,,
LV6 荒鉤爪ガード,0,2,X,0,7,99,0,47,62,3,1,-4,1,-2,通常弾強化,2,重撃,2,荒鉤爪,2,,,,,荒鉤爪狩猟の証６,1,荒鉤爪の鱗,2,,,,
LV1 燼滅刃アーム,0,1,X,0,6,99,0,70,90,4,-3,1,-2,0,研磨術,2,加護,2,,,,,,,燼滅刃狩猟の証１,1,燼滅刃の甲殻,3,斬竜の焔状殻,4,堅竜骨,4
LV1 燼滅刃ガード,0,2,X,0,6,99,0,35,45,4,-3,1,-2,0,研磨術,2,加護,2,,,,,,,燼滅刃狩猟の証１,1,燼滅刃の甲殻,3,斬竜の焔状殻,4,堅竜骨,4
LV6 燼滅刃アーム,0,1,X,0,7,99,0,94,124,4,-3,1,-2,0,研磨術,2,加護,2,燼滅刃,2,,,,,燼滅刃狩猟の証６,1,燼滅刃の鱗,2,,,,
LV6 燼滅刃ガード,0,2,X,0,7,99,0,47,62,4,-3,1,-2,0,研磨術,2,加護,2,燼滅刃,2,,,,,燼滅刃狩猟の証６,1,燼滅刃の鱗,2,,,,
ニセたま腕タイツ,0,1,3,0,1,99,0,18,80,2,1,0,0,0,スタミナ,3,笛,2,運搬,2,,,,,ぐでぐでとした卵,1,赤熱した火炎嚢,1,鋼のたまご,1,海綿質の皮,3
ニセたま腕スーツ,0,2,3,0,1,99,0,9,40,3,1,0,0,0,スタミナ,2,笛,2,運搬,2,,,,,ぐでぐでとした卵,1,赤熱した火炎嚢,1,鋼のたまご,1,海綿質の皮,3
瑞星【篭手】,1,1,3,0,2,99,0,24,86,1,1,1,1,1,スタミナ,2,本気,2,気絶,-2,,,,,スタジオパス,1,斬竜の尻尾,1,斬竜の鱗,5,夜鳥の羽鱗,3
景星【篭手】,1,2,3,0,2,99,0,12,43,2,2,2,2,2,スタミナ,2,本気,2,気絶,-2,,,,,スタジオパス,1,斬竜の尻尾,1,斬竜の鱗,5,夜鳥の羽鱗,3
夢見【篭手】,2,1,3,1,2,99,0,24,86,1,1,1,1,1,本気,3,スタミナ,2,連撃,1,,,,,スタジオパス,1,斬竜の尻尾,1,斬竜の鱗,5,夜鳥の羽鱗,3
夢語【篭手】,2,2,3,1,2,99,0,12,43,2,2,2,2,2,本気,3,スタミナ,2,連撃,1,,,,,スタジオパス,1,斬竜の尻尾,1,斬竜の鱗,5,夜鳥の羽鱗,3
ニセたまＳ腕タイツ,0,1,4,0,4,99,0,32,94,2,1,0,0,0,スタミナ,3,運気,3,笛,2,,,,,ぐでぐでとした卵,2,海綿質の上皮,3,銀のたまご,1,爆炎袋,2
ニセたまＳ腕スーツ,0,2,4,0,4,99,0,16,47,3,1,0,0,0,運気,3,スタミナ,2,笛,2,,,,,ぐでぐでとした卵,2,海綿質の上皮,3,銀のたまご,1,爆炎袋,2
海賊Ｊグラブ,0,1,6,0,6,99,0,52,114,0,0,0,0,0,運気,3,護石王,2,気まぐれ,-2,,,,,海賊Ｊチケット,1,獰猛化溶岩竜鱗,1,溶岩竜の堅殻,4,火竜の翼,3
海賊Ｊカフス,0,2,6,0,6,99,0,26,57,0,0,0,0,0,運気,3,護石王,2,気まぐれ,-2,,,,,海賊Ｊチケット,1,獰猛化溶岩竜鱗,1,溶岩竜の堅殻,4,火竜の翼,3
スターナイトアーム,0,1,6,1,4,99,0,52,114,1,1,1,1,1,広域,3,研磨術,2,跳躍,2,,,,,スタジオＷパス,1,巨獣の堅牙,3,斬竜の焔状殻,3,巨獣の赤毛,4
スターナイトガード,0,2,6,1,4,99,0,26,57,2,2,2,2,2,広域,3,研磨術,2,跳躍,2,,,,,スタジオＷパス,1,巨獣の堅牙,3,斬竜の焔状殻,3,巨獣の赤毛,4
ライクログローブ,0,1,6,1,5,99,0,54,116,0,-1,4,-2,1,気絶,2,聴覚保護,2,回避距離,1,,,,,ユニクロＳコイン,1,電竜の上鱗,4,電竜の翼爪,6,電撃袋,4
ライクログラブ,0,2,6,1,5,99,0,27,58,0,-1,5,-2,1,気絶,2,聴覚保護,2,回避距離,1,,,,,ユニクロＳコイン,1,電竜の上鱗,4,電竜の翼爪,6,電撃袋,4
大海賊Ｊグラブ,0,1,6,3,6,99,0,56,118,-4,-4,-4,-4,-4,運気,2,剥ぎ取り,1,捕獲,1,,,,,海賊Ｊチケット,1,獰猛化溶岩竜鱗,1,溶岩竜の鋭牙,2,炎戈竜の堅殻,5
大海賊Ｊカフス,0,2,6,3,6,99,0,28,59,-3,-3,-3,-3,-3,運気,2,剥ぎ取り,1,捕獲,1,,,,,海賊Ｊチケット,1,獰猛化溶岩竜鱗,1,溶岩竜の鋭牙,2,炎戈竜の堅殻,5
ブルースターアーム,0,1,6,2,4,99,0,56,118,1,1,1,1,1,耐震,2,体術,2,,,,,,,スタジオＸパス,1,泡狐竜の尖爪,3,夜鳥の翼,3,火竜の翼爪,3
ブルースターカフス,0,2,6,2,4,99,0,28,59,2,2,2,2,2,体術,2,采配,2,,,,,,,スタジオＸパス,1,泡狐竜の尖爪,3,夜鳥の翼,3,火竜の翼爪,3
バリアスーツガード,1,1,6,1,4,99,0,64,126,4,4,4,4,-4,炎熱適応,2,属性耐性,2,腹減り,-2,,,,,サムスコイン,1,獰猛化黒狼鳥鱗,1,獄炎石,3,黒狼鳥の地獄耳,2
バリアスーツシールド,1,2,6,0,4,99,0,32,63,5,5,5,5,-3,炎熱適応,2,属性耐性,2,腹減り,-2,,,,,サムスコイン,1,獰猛化黒狼鳥鱗,1,獄炎石,3,黒狼鳥の地獄耳,2
ゼロスーツグラブ,2,1,6,1,4,99,0,48,110,4,4,4,4,-4,気力回復,2,回避性能,2,防御,-2,,,,,サムスコイン,1,獰猛化黒狼鳥鱗,1,獄炎石,3,黒狼鳥の地獄耳,2
ゼロスーツハンド,2,2,6,0,4,99,0,24,55,5,5,5,5,-3,気力回復,2,回避性能,2,防御,-2,,,,,サムスコイン,1,獰猛化黒狼鳥鱗,1,獄炎石,3,黒狼鳥の地獄耳,2
瑞星・覇【篭手】,1,1,7,0,4,99,0,64,126,1,1,1,1,1,スタミナ,2,本気,2,気絶,-2,,,,,スタジオＧパス,1,獰猛化電竜鱗,1,斬竜の上鱗,5,電竜の帯電膜,4
景星・覇【篭手】,1,2,7,0,4,99,0,32,63,2,2,2,2,2,スタミナ,2,本気,2,気絶,-2,,,,,スタジオＧパス,1,獰猛化電竜鱗,1,斬竜の上鱗,5,電竜の帯電膜,4
夢見・覇【篭手】,2,1,7,1,4,99,0,64,126,1,1,1,1,1,本気,3,スタミナ,2,連撃,1,,,,,スタジオＧパス,1,獰猛化電竜鱗,1,斬竜の上鱗,5,電竜の帯電膜,4
夢語・覇【篭手】,2,2,7,1,4,99,0,32,63,2,2,2,2,2,本気,3,スタミナ,2,連撃,1,,,,,スタジオＧパス,1,獰猛化電竜鱗,1,斬竜の上鱗,5,電竜の帯電膜,4
スタールークアーム,0,1,7,0,4,99,0,64,126,0,0,0,0,0,ガード性能,3,斬れ味,2,装填数,2,,,,,スタジオＧパス,1,獰猛化斬竜鱗,1,電竜の堅棘殻,4,斬竜の尾刃片,4
スタールークガード,0,2,7,0,4,99,0,32,63,0,0,0,0,0,精密射撃,3,装填速度,2,装填数,2,,,,,スタジオＧパス,1,獰猛化斬竜鱗,1,電竜の堅棘殻,4,斬竜の尾刃片,4
勇者の腕当て,0,1,7,1,4,99,0,64,126,2,2,2,2,2,剣術,2,無傷,2,効果持続,2,,,,,トライフォース,1,砕竜の剛拳,2,巨獣の堅殻,4,雷狼竜の甲殻,3
勇者の手袋,0,2,7,1,4,99,0,32,63,3,3,3,3,3,装填数,2,無傷,2,効果持続,2,,,,,トライフォース,1,砕竜の剛拳,2,巨獣の堅殻,4,雷狼竜の甲殻,3
王者のバンテージ,0,1,7,0,6,99,0,66,128,4,4,4,4,4,闘魂,3,食事,3,気配,-2,,,,,地下闘技場入場券,1,獰猛化巨獣毛,1,金獅子の尖爪,3,砕竜の拳,4
強者のバンテージ,0,2,7,0,6,99,0,33,64,5,5,5,5,5,闘魂,3,食事,3,気配,-2,,,,,地下闘技場入場券,1,獰猛化巨獣毛,1,金獅子の尖爪,3,砕竜の拳,4
アームオブレイジ,1,1,7,0,8,99,0,66,128,2,2,2,2,2,聴覚保護,3,本気,3,効果持続,-3,,,,,女神の抱擁,1,獰猛化恐暴竜鱗,1,恐暴竜の鉤爪,4,黒蝕竜の鋭惨爪,4
ガードオブレイジ,1,2,7,0,8,99,0,33,64,3,3,3,3,3,聴覚保護,3,本気,3,効果持続,-3,,,,,女神の抱擁,1,獰猛化恐暴竜鱗,1,恐暴竜の鉤爪,4,黒蝕竜の鋭惨爪,4
アームオブアナト,2,1,7,0,8,99,0,66,128,2,2,2,2,2,聴覚保護,3,本気,3,効果持続,-3,,,,,女神の抱擁,1,獰猛化恐暴竜鱗,1,恐暴竜の鉤爪,4,黒蝕竜の鋭惨爪,4
ガードオブアナト,2,2,7,0,8,99,0,33,64,3,3,3,3,3,聴覚保護,3,本気,3,効果持続,-3,,,,,女神の抱擁,1,獰猛化恐暴竜鱗,1,恐暴竜の鉤爪,4,黒蝕竜の鋭惨爪,4
ゾディアスアーム,0,1,7,1,8,99,0,68,130,1,1,1,1,1,跳躍,3,無心,2,回避性能,1,,,,,冥天の星くず,1,炎龍の尖爪,3,炎の龍鱗,6,翼蛇竜の上皮,5
ゾディアスガード,0,2,7,1,8,99,0,34,65,2,2,2,2,2,跳躍,3,無心,2,回避性能,1,,,,,冥天の星くず,1,炎龍の尖爪,3,炎の龍鱗,6,翼蛇竜の上皮,5
飛竜の篭手・空,0,1,7,2,8,99,0,60,122,2,2,2,2,2,跳躍,2,気力回復,3,回避距離,1,,,,,真珠色の柔皮,4,火竜の骨髄,2,歴戦の漆黒皮,2,オプション,1
飛竜の篭手・地,0,2,7,2,8,99,0,30,61,2,2,3,2,2,跳躍,1,気力回復,3,回避距離,1,,,,,真珠色の柔皮,4,火竜の骨髄,2,歴戦の漆黒皮,2,オプション,1
スターロードガード,0,1,7,2,8,99,0,62,124,3,0,0,0,3,会心強化,1,痛撃,3,狂撃耐性,2,,,,,ゴム質の皮,6,獰猛化銀火竜鱗,1,歴戦の漆黒皮,2,シーリングシールド,1
スターロードカフス,0,2,7,2,8,99,0,31,62,3,0,0,0,4,会心強化,1,痛撃,3,狂撃耐性,2,,,,,ゴム質の皮,6,獰猛化銀火竜鱗,1,歴戦の漆黒皮,2,シーリングシールド,1
