#名前,"性別(0=両,1=男,2=女)","タイプ(0=両方,1=剣士,2=ガンナー)",レア度,スロット数,入手時期／集☆（99=集入手不可）,入手時期／村☆（99=村入手不可）,入手時期集村(0=or/1=and),初期防御力,最終防御力,火耐性,水耐性,雷耐性,氷耐性,龍耐性,スキル系統1,スキル値1,スキル系統2,スキル値2,スキル系統3,スキル値3,スキル系統4,スキル値4,スキル系統5,スキル値5,生産素材1,個数,生産素材2,個数,生産素材3,個数,生産素材4,個数
レザーベスト,0,0,1,0,1,1,0,1,34,0,0,0,0,0,気まぐれ,5,,,,,,,,,首鳴竜の皮,1,竜骨【小】,1,,,,
チェーンベスト,0,0,1,1,1,1,0,2,35,0,0,1,0,0,体力,3,,,,,,,,,鉄鉱石,2,暖かい毛皮,1,,,,
ベルダーメイル,0,0,1,1,1,1,0,2,35,0,1,0,0,0,加護,2,,,,,,,,,暖かい毛皮,1,鉄鉱石,2,,,,
ハントメイル,0,1,1,0,2,3,0,2,68,1,0,0,0,0,千里眼,2,,,,,,,,,鉄鉱石,2,イーオスの鱗,1,,,,
ハントレジスト,0,2,1,0,2,3,0,1,34,2,0,0,0,0,千里眼,2,,,,,,,,,鉄鉱石,2,イーオスの鱗,1,,,,
マフモフジャケット,0,0,1,0,1,1,0,2,35,-1,0,0,2,0,耐寒,6,,,,,,,,,暖かい毛皮,2,ブランゴの毛,1,,,,
ユクモノドウギ,0,0,1,0,1,1,0,2,35,0,0,1,0,0,達人,4,回避性能,2,,,,,,,ユクモの木,2,ツタの葉,2,,,,
ロックラックスーツ,0,0,1,1,1,1,0,2,35,1,0,0,0,2,運搬,3,耐暑,1,,,,,,,甲虫の腹袋,1,ジャギィの皮,3,大地の結晶,2,,
ハンターメイル,0,1,1,1,1,1,0,6,72,0,0,0,0,0,高速設置,2,,,,,,,,,ファンゴの毛皮,1,ジャギィの鱗,1,鉄鉱石,2,,
ハンターレジスト,0,2,1,1,1,1,0,3,36,0,0,0,0,0,高速設置,2,,,,,,,,,ファンゴの毛皮,1,ジャギィの鱗,1,鉄鉱石,2,,
ボーンメイル,0,1,1,0,1,1,0,6,72,0,0,0,-1,0,笛,4,KO,2,,,,,,,大きな骨,1,なぞの骨,2,マッカォの皮,1,,
ボーンレジスト,0,2,1,0,1,1,0,3,36,0,0,0,-1,0,笛,4,KO,2,,,,,,,大きな骨,1,なぞの骨,2,マッカォの皮,1,,
混沌のカイ,0,1,1,2,1,1,0,6,72,2,-2,0,0,0,特殊攻撃,2,,,,,,,,,混沌茸,1,マヒダケ,4,毒テングダケ,4,不死虫,3
混沌のイー,0,2,1,2,1,1,0,3,36,2,-2,0,0,0,特殊攻撃,1,,,,,,,,,混沌茸,1,マヒダケ,4,毒テングダケ,4,不死虫,3
ジャギィメイル,0,1,1,0,1,1,0,6,72,-2,0,0,0,0,攻撃,3,防御,-2,,,,,,,ジャギィの皮,4,鳥竜種の牙,3,キラビートル,2,鉄鉱石,3
ジャギィレジスト,0,2,1,0,1,1,0,3,36,-2,0,0,0,0,攻撃,3,防御,-2,,,,,,,ジャギィの皮,4,鳥竜種の牙,3,キラビートル,2,鉄鉱石,3
マッカォメイル,0,1,1,0,1,1,0,8,74,-2,0,0,0,0,跳躍,4,減気攻撃,1,,,,,,,跳狗竜の鱗,3,跳狗竜の赤皮,2,鉄鉱石,4,,
マッカォレジスト,0,2,1,0,1,1,0,4,37,-2,1,1,1,1,跳躍,4,減気攻撃,1,,,,,,,跳狗竜の鱗,3,跳狗竜の赤皮,2,鉄鉱石,4,,
ランポスメイル,0,1,1,0,1,2,0,8,74,0,0,0,-2,0,気絶,4,麻痺,-4,,,,,,,ランポスの大爪,2,鳴き袋,2,ランポスの皮,3,セッチャクロアリ,2
ランポスレジスト,0,2,1,0,1,2,0,4,37,0,1,1,-2,0,気絶,4,麻痺,-4,,,,,,,ランポスの大爪,2,鳴き袋,2,ランポスの皮,3,セッチャクロアリ,2
ギアノスメイル,0,1,1,0,1,2,0,8,74,0,0,-1,2,0,氷属性攻撃,5,,,,,,,,,ギアノスの皮,3,ギアノスの鱗,1,鉄鉱石,3,鳥竜種の牙,3
ギアノスレジスト,0,2,1,0,1,2,0,4,37,0,0,-1,3,0,氷属性攻撃,5,,,,,,,,,ギアノスの皮,3,ギアノスの鱗,1,鉄鉱石,3,鳥竜種の牙,3
ゲネポスメイル,0,1,1,0,1,2,0,10,76,0,0,1,-2,0,麻痺,3,雷属性攻撃,3,毒,-3,,,,,ゲネポスの皮,3,ゲネポスの鱗,2,鉄鉱石,3,ファンゴの毛皮,2
ゲネポスレジスト,0,2,1,0,1,2,0,5,38,1,0,2,-2,0,麻痺,3,雷属性攻撃,3,毒,-3,,,,,ゲネポスの皮,3,ゲネポスの鱗,2,鉄鉱石,3,ファンゴの毛皮,2
ランゴメイル,0,1,1,1,2,3,0,10,76,-2,1,1,1,2,納刀,2,,,,,,,,,ランゴスタの甲殻,5,マカライト鉱石,1,セッチャクロアリ,3,,
ランゴレジスト,0,2,1,1,2,3,0,5,38,-2,2,2,2,3,納刀,2,,,,,,,,,ランゴスタの甲殻,5,マカライト鉱石,1,セッチャクロアリ,3,,
タロスメイル,0,1,1,0,1,3,0,10,76,-1,-1,-1,-1,4,龍属性攻撃,4,龍耐性,1,,,,,,,カンタロスの羽,2,カンタロスの甲殻,4,円盤石,3,キラビートル,1
タロスレジスト,0,2,1,0,1,3,0,5,38,-1,-1,-1,-1,6,龍属性攻撃,4,龍耐性,1,,,,,,,カンタロスの羽,2,カンタロスの甲殻,4,円盤石,3,キラビートル,1
ブナハスーツ,0,1,1,1,1,3,0,10,76,-2,0,0,0,2,特殊攻撃,2,斬れ味,2,火耐性,-2,,,,,飛甲虫の甲殻,2,飛甲虫の羽,3,モンスターの体液,2,キラビートル,1
ブナハベスト,0,2,1,1,1,3,0,5,38,-2,1,1,1,3,特殊攻撃,2,弾薬節約,2,火耐性,-2,,,,,飛甲虫の甲殻,2,飛甲虫の羽,3,モンスターの体液,2,キラビートル,1
モスブレスト,0,0,1,1,1,1,0,5,38,0,0,0,0,0,食いしん坊,2,,,,,,,,,モスの苔皮,1,ファンゴの毛皮,2,大猪の皮,1,セッチャクロアリ,1
リノプロメイル,0,1,1,0,1,2,0,12,78,2,0,0,-2,0,水属性攻撃,3,砲術,1,,,,,,,草食竜の頭殻,1,草食竜の甲殻,2,大地の結晶,2,,
リノプロレジスト,0,2,1,0,1,2,0,6,39,3,0,0,-2,0,水属性攻撃,3,砲術,1,,,,,,,草食竜の頭殻,1,草食竜の甲殻,2,大地の結晶,2,,
ファンゴメイル,0,1,1,1,1,2,0,12,78,0,2,-2,1,0,底力,4,加護,-4,,,,,,,大猪の皮,4,大きな骨,3,マカライト鉱石,3,,
ファンゴレジスト,0,2,1,1,1,2,0,6,39,0,3,-2,1,0,底力,4,加護,-4,,,,,,,大猪の皮,4,大きな骨,3,マカライト鉱石,3,,
アシラメイル,0,1,1,0,2,2,0,14,80,-2,0,-2,0,0,防御,2,ハチミツ,2,攻撃,-2,,,,,青熊獣の毛,3,青熊獣の甲殻,1,飛甲虫の甲殻,2,キラビートル,2
アシラレジスト,0,2,1,0,2,2,0,7,40,-2,0,-2,0,0,防御,2,ハチミツ,2,攻撃,-2,,,,,青熊獣の毛,3,青熊獣の甲殻,1,飛甲虫の甲殻,2,キラビートル,2
ガレオスメイル,0,1,1,1,1,2,0,14,80,2,0,0,-3,0,水属性攻撃,4,,,,,,,,,砂竜のヒレ,2,砂竜の鱗,3,砂竜の牙,1,マカライト鉱石,1
ガレオスレジスト,0,2,1,1,1,2,0,7,40,2,0,0,-3,0,水属性攻撃,4,,,,,,,,,砂竜のヒレ,2,砂竜の鱗,3,砂竜の牙,1,マカライト鉱石,1
ブレイブベスト,0,0,2,1,3,4,0,8,39,0,0,0,0,0,乗り,3,,,,,,,,,ベルナチケット,1,ドラグライト鉱石,2,暖かい毛皮,1,ランポスの皮,2
アロイメイル,0,1,2,1,2,3,0,12,74,-1,0,-1,-1,0,研ぎ師,2,,,,,,,,,ライトクリスタル,1,マカライト鉱石,3,鉄鉱石,2,,
アロイレジスト,0,2,2,1,2,3,0,6,37,-1,0,-1,-1,0,装填速度,2,,,,,,,,,ライトクリスタル,1,マカライト鉱石,3,鉄鉱石,2,,
バトルメイル,0,1,2,2,3,4,0,12,74,1,-1,-1,0,0,ガード性能,2,,,,,,,,,翼蛇竜の皮,2,暖かい毛皮,2,ゲネポスの鱗,5,大地の結晶,3
バトルレジスト,0,2,2,2,3,4,0,6,37,2,-1,-1,0,0,反動,2,,,,,,,,,翼蛇竜の皮,2,暖かい毛皮,2,ゲネポスの鱗,5,大地の結晶,3
インゴットメイル,0,1,2,1,3,4,0,14,76,-1,-1,1,0,0,風圧,4,氷属性攻撃,1,運気,-2,,,,,ドラグライト鉱石,4,紅蓮石,1,鉄鉱石,8,ベアライト石,3
インゴットレジスト,0,2,2,1,3,4,0,7,38,-1,-1,2,0,0,風圧,4,氷属性攻撃,1,運気,-2,,,,,ドラグライト鉱石,4,紅蓮石,1,鉄鉱石,8,ベアライト石,3
ハイメタメイル,0,1,2,0,3,4,0,14,76,0,-1,2,-1,0,雷耐性,4,聴覚保護,1,,,,,,,ドラグライト鉱石,2,マカライト鉱石,4,鉄鉱石,3,マッカォの皮,2
ハイメタレジスト,0,2,2,0,3,4,0,7,38,0,-1,3,-1,0,雷耐性,4,聴覚保護,1,,,,,,,ドラグライト鉱石,2,マカライト鉱石,4,鉄鉱石,3,マッカォの皮,2
メルホアトロンコ,0,1,2,0,1,3,0,12,74,0,1,1,0,0,採取,2,,,,,,,,,ドスビスカス,1,ライトクリスタル,1,不死虫,5,ツタの葉,3
メルホアシュタム,0,2,2,0,1,3,0,6,37,0,1,1,0,0,採取,2,,,,,,,,,ドスビスカス,1,ライトクリスタル,1,不死虫,5,ツタの葉,3
マカルパペプラム,0,1,2,1,1,2,0,14,76,1,2,-2,0,0,効果持続,2,調合成功率,2,,,,,,,春夜鯉,1,砂竜の鱗,4,ハレツアロワナ,10,調合書①入門編,1
マカルパエカイユ,0,2,2,1,1,2,0,7,38,1,3,-2,0,0,効果持続,2,調合成功率,2,,,,,,,春夜鯉,1,砂竜の鱗,4,ハレツアロワナ,10,調合書①入門編,1
ビストロスーツ,0,1,2,1,2,3,0,12,74,3,1,0,2,0,食事,2,回復量,-1,,,,,,,ビストロチケット,1,ブヨブヨした皮,3,ホットミート,10,,
ビストロベスト,0,2,2,1,2,3,0,6,37,4,1,0,3,0,食事,2,回復量,-1,,,,,,,ビストロチケット,1,ブヨブヨした皮,3,ホットミート,10,,
オウビートペット,1,1,2,2,2,4,0,18,80,2,-2,2,-2,3,体術,1,,,,,,,,,オオツノアゲハ,1,ベアライト石,1,キラビートル,5,毒袋,2
オウビートペクトス,1,2,2,2,2,4,0,9,40,3,-2,2,-2,4,体術,1,,,,,,,,,オオツノアゲハ,1,ベアライト石,1,キラビートル,5,毒袋,2
パピメルペット,2,1,2,2,2,4,0,18,80,2,-2,2,-2,3,体術,1,,,,,,,,,オオツノアゲハ,1,ベアライト石,1,キラビートル,5,毒袋,2
パピメルペクトス,2,2,2,2,2,4,0,9,40,3,-2,2,-2,4,体術,1,,,,,,,,,オオツノアゲハ,1,ベアライト石,1,キラビートル,5,毒袋,2
デスギアムスケル,0,1,2,1,2,3,0,16,78,2,1,1,-1,0,龍属性攻撃,3,,,,,,,,,禍々しい布,1,イーオスの紫鱗,3,なぞの頭骨,3,セッチャクロアリ,2
デスギアケミュート,0,2,2,1,2,3,0,8,39,3,1,1,-1,0,龍属性攻撃,3,,,,,,,,,禍々しい布,1,イーオスの紫鱗,3,なぞの頭骨,3,セッチャクロアリ,2
どんぐりメイル,0,1,2,0,2,3,0,16,78,2,2,0,-2,0,采配,4,砲術,3,,,,,,,オトモチケット,1,ベアライト石,4,カクサンの実,5,マタタビ,5
どんぐりレジスト,0,2,2,0,2,3,0,8,39,3,3,0,-2,0,砲術,3,采配,3,,,,,,,オトモチケット,1,ベアライト石,4,カクサンの実,5,マタタビ,5
マギュルトロンコ,0,1,2,0,2,3,0,14,76,-3,1,0,2,0,溜め短縮,3,火属性攻撃,2,体術,-3,,,,,ペピポパンプキン,1,アルビノエキス,2,カクサンの実,10,落陽草の根,10
マギュルシュタム,0,2,2,0,2,3,0,7,38,-3,2,0,3,0,溜め短縮,3,火属性攻撃,2,体術,-3,,,,,ペピポパンプキン,1,アルビノエキス,2,カクサンの実,10,落陽草の根,10
エーデルトロンコ,0,1,2,0,1,3,0,14,76,-1,3,-1,0,0,広域,3,,,,,,,,,星見の花,1,水袋,1,ネンチャク草,8,ユクモの木,1
エーデルシュタム,0,2,2,0,1,3,0,7,38,-1,4,-1,0,0,広域,3,,,,,,,,,星見の花,1,水袋,1,ネンチャク草,8,ユクモの木,1
スカルダペット,1,1,2,0,1,1,0,18,80,3,-1,-1,-1,3,達人,5,,,,,,,,,毒クモリ,1,ランゴスタの羽,3,毒袋,2,キラビートル,3
スカルダペクトス,1,2,2,0,1,1,0,9,40,4,-1,-1,-1,3,達人,5,,,,,,,,,毒クモリ,1,ランゴスタの羽,3,毒袋,2,キラビートル,3
スパイオペット,2,1,2,0,1,1,0,18,80,3,-1,-1,-1,3,達人,5,,,,,,,,,毒クモリ,1,ランゴスタの羽,3,毒袋,2,キラビートル,3
スパイオペクトス,2,2,2,0,1,1,0,9,40,4,-1,-1,-1,3,達人,5,,,,,,,,,毒クモリ,1,ランゴスタの羽,3,毒袋,2,キラビートル,3
ドロスメイル,0,1,2,0,1,2,0,12,74,-2,4,-1,0,0,節食,3,,,,,,,,,水生獣の皮,4,未熟な海綿質,3,暖かい毛皮,3,セッチャクロアリ,3
ドロスレジスト,0,2,2,0,1,2,0,6,37,-2,5,-1,0,0,節食,3,,,,,,,,,水生獣の皮,4,未熟な海綿質,3,暖かい毛皮,3,セッチャクロアリ,3
コトルメイル,0,1,2,1,3,4,0,14,76,4,-2,0,-1,0,ガード強化,3,,,,,,,,,溶岩獣の鱗,4,ドラグライト鉱石,2,キラビートル,5,暖かい毛皮,2
コトルレジスト,0,2,2,1,3,4,0,7,38,5,-2,0,-1,0,変則射撃,3,,,,,,,,,溶岩獣の鱗,4,ドラグライト鉱石,2,キラビートル,5,暖かい毛皮,2
ムーファスーツ,0,1,2,0,1,3,0,14,76,-1,0,2,3,0,耐寒,3,雷属性攻撃,2,,,,,,,雲羊鹿の角,1,雲羊鹿の毛玉,2,とがった牙,3,,
ムーファジャケット,0,2,2,0,1,3,0,7,38,-1,0,3,4,0,耐寒,3,雷属性攻撃,2,,,,,,,雲羊鹿の角,1,雲羊鹿の毛玉,2,とがった牙,3,,
ランポスーツボディ,0,1,2,0,3,4,0,10,72,1,2,1,1,1,運気,2,加護,-2,,,,,,,ランポスの大皮,4,ドラグライト鉱石,2,鳥竜種の牙,4,盾虫の甲殻,3
ランポスーツウェア,0,2,2,0,3,4,0,5,36,1,3,1,1,1,運気,1,加護,-2,,,,,,,ランポスの大皮,4,ドラグライト鉱石,2,鳥竜種の牙,4,盾虫の甲殻,3
ゲネポスーツボディ,0,1,2,0,3,4,0,10,72,1,1,2,1,1,運気,2,加護,-2,,,,,,,ゲネポスの大皮,4,ドスヘラクレス,2,ゲネポスの麻痺牙,4,砂竜のヒレ,2
ゲネポスーツウェア,0,2,2,0,3,4,0,5,36,1,1,3,1,1,運気,1,加護,-2,,,,,,,ゲネポスの大皮,4,ドスヘラクレス,2,ゲネポスの麻痺牙,4,砂竜のヒレ,2
イーオスーツボディ,0,1,2,0,3,4,0,10,72,2,1,1,1,1,運気,2,加護,-2,,,,,,,イーオスの大皮,4,溶岩獣の鱗,2,イーオスの毒牙,4,縞模様の皮,3
イーオスーツウェア,0,2,2,0,3,4,0,5,36,3,1,1,1,1,運気,1,加護,-2,,,,,,,イーオスの大皮,4,溶岩獣の鱗,2,イーオスの毒牙,4,縞模様の皮,3
ガブラスーツボディ,0,1,2,0,3,4,0,10,72,1,1,1,1,2,運気,2,加護,-2,,,,,,,翼蛇竜の皮,4,セッチャクロアリ,4,ドラグライト鉱石,2,竜骨【中】,1
ガブラスーツウェア,0,2,2,0,3,4,0,5,36,1,1,1,1,3,運気,1,加護,-2,,,,,,,翼蛇竜の皮,4,セッチャクロアリ,4,ドラグライト鉱石,2,竜骨【中】,1
イーオスメイル,0,1,2,1,2,3,0,14,76,2,-1,-1,0,0,毒,2,観察眼,2,気絶,-2,,,,,イーオスの皮,2,イーオスの毒牙,5,イーオスの鱗,2,マカライト鉱石,3
イーオスレジスト,0,2,2,1,2,3,0,7,38,3,-1,-1,0,0,毒,2,観察眼,2,気絶,-2,,,,,イーオスの皮,2,イーオスの毒牙,5,イーオスの鱗,2,マカライト鉱石,3
クックメイル,0,1,2,0,1,3,0,16,78,4,-1,0,-3,0,攻撃,3,火属性攻撃,2,防御,-3,,,,,怪鳥の鱗,2,怪鳥の甲殻,3,怪鳥の翼膜,1,竜骨【小】,3
クックレジスト,0,2,2,0,1,3,0,8,39,5,-1,0,-3,0,攻撃,3,火属性攻撃,2,防御,-3,,,,,怪鳥の鱗,2,怪鳥の甲殻,3,怪鳥の翼膜,1,竜骨【小】,3
ウルクメイル,0,1,2,0,1,3,0,14,76,-3,1,0,4,0,だるま,3,回避性能,2,体力,-2,,,,,白兎獣の腹甲,2,白兎獣の毛,2,ギアノスの鱗,4,キラビートル,3
ウルクレジスト,0,2,2,0,1,3,0,7,38,-3,1,0,5,0,だるま,3,回避性能,2,体力,-2,,,,,白兎獣の腹甲,2,白兎獣の毛,2,ギアノスの鱗,4,キラビートル,3
ゲリョスメイル,0,1,2,1,1,3,0,16,78,-3,1,4,-1,0,毒,4,スタミナ,1,腹減り,-1,,,,,毒怪鳥の翼膜,1,ゴム質の皮,2,大地の結晶,1,マカライト鉱石,1
ゲリョスレジスト,0,2,2,1,1,3,0,8,39,-3,1,5,-1,0,毒,3,スタミナ,1,腹減り,-1,,,,,毒怪鳥の翼膜,1,ゴム質の皮,2,大地の結晶,1,マカライト鉱石,1
カブラメイル,0,1,2,1,1,3,0,18,80,2,-3,-1,0,1,体力,2,耐震,1,睡眠,-1,,,,,鬼蛙の鱗,2,鬼蛙の爪,1,草食竜の甲殻,3,セッチャクロアリ,2
カブラレジスト,0,2,2,1,1,3,0,9,40,3,-3,-1,0,1,体力,2,耐震,1,睡眠,-1,,,,,鬼蛙の鱗,2,鬼蛙の爪,1,草食竜の甲殻,3,セッチャクロアリ,2
ザザミメイル,0,1,2,0,1,3,0,20,82,-1,3,-3,0,1,ガード性能,3,体力,2,体術,-3,,,,,盾蟹の甲殻,3,盾蟹の小殻,2,マカライト鉱石,1,獣骨,4
ザザミレジスト,0,2,2,0,1,3,0,10,41,-1,4,-3,0,1,反動,3,体力,2,装填速度,-3,,,,,盾蟹の甲殻,3,盾蟹の小殻,2,マカライト鉱石,1,獣骨,4
ラングロメイル,0,1,2,1,3,4,0,18,80,2,-3,0,-1,1,細菌学,3,溜め短縮,1,気力回復,-2,,,,,赤甲獣の甲殻,3,赤甲獣の蛇腹甲,1,大きな骨,2,溶岩獣の鱗,4
ラングロレジスト,0,2,2,1,3,4,0,9,40,3,-3,0,-1,1,細菌学,3,溜め短縮,1,気力回復,-2,,,,,赤甲獣の甲殻,3,赤甲獣の蛇腹甲,1,大きな骨,2,溶岩獣の鱗,4
ルドロスメイル,0,1,2,1,1,3,0,18,80,-3,4,-1,0,0,気力回復,3,回避性能,-3,,,,,,,海綿質の皮,2,水獣の爪,1,水生獣の皮,3,キラビートル,2
ルドロスレジスト,0,2,2,1,1,3,0,9,40,-3,5,-1,0,0,気力回復,2,回避性能,-3,,,,,,,海綿質の皮,2,水獣の爪,1,水生獣の皮,3,キラビートル,2
ホロロメイル,0,1,2,0,2,4,0,18,80,-2,-2,1,1,0,痛撃,2,睡眠,1,,,,,,,夜鳥の翼膜,4,夜鳥の尾羽,1,鉄鉱石,5,首鳴竜の皮,4
ホロロレジスト,0,2,2,0,2,4,0,9,40,-1,-2,1,1,0,痛撃,2,睡眠,1,,,,,,,夜鳥の翼膜,4,夜鳥の尾羽,1,鉄鉱石,5,首鳴竜の皮,4
フルフルメイル,0,1,2,0,2,3,0,18,80,-4,1,4,2,1,回復量,3,回復速度,2,,,,,,,ブヨブヨした皮,2,鉄鉱石,8,イーオスの皮,2,モンスターの体液,2
フルフルレジスト,0,2,2,0,2,3,0,9,40,-4,1,5,2,1,回復量,3,回復速度,1,,,,,,,ブヨブヨした皮,2,鉄鉱石,8,イーオスの皮,2,モンスターの体液,2
レイアメイル,0,1,2,0,2,4,0,20,82,3,0,-2,0,-3,体力,2,回復量,2,回復速度,-2,,,,,雌火竜の鱗,4,雌火竜の翼膜,3,マカライト鉱石,5,キラビートル,2
レイアレジスト,0,2,2,0,2,4,0,10,41,4,0,-2,0,-3,体力,2,回復量,2,回復速度,-2,,,,,雌火竜の鱗,4,雌火竜の翼膜,3,マカライト鉱石,5,キラビートル,2
ハプルメイル,0,1,2,0,2,3,0,20,82,2,0,-1,-3,1,食いしん坊,3,食事,3,回復量,-1,,,,,潜口竜の皮,4,潜口竜の爪,1,潜口竜の甲殻,3,鮮やかな体液,4
ハプルレジスト,0,2,2,0,2,3,0,10,41,3,0,-1,-3,1,食いしん坊,3,食事,3,回復量,-1,,,,,潜口竜の皮,4,潜口竜の爪,1,潜口竜の甲殻,3,鮮やかな体液,4
ブランゴメイル,0,1,2,1,2,4,0,18,80,-4,1,0,4,0,体術,4,スタミナ,-2,,,,,,,雪獅子の髭,1,ブランゴの毛,3,ギアノスの皮,3,ランポスの大皮,1
ブランゴレジスト,0,2,2,1,2,4,0,9,40,-4,1,0,5,0,体術,4,スタミナ,-2,,,,,,,雪獅子の髭,1,ブランゴの毛,3,ギアノスの皮,3,ランポスの大皮,1
ギザミメイル,0,1,2,0,2,4,0,20,82,1,2,-1,-1,0,斬れ味,2,達人,2,雷耐性,-2,,,,,鎌蟹の甲殻,2,鎌蟹の小殻,3,大地の結晶,4,キラビートル,1
ギザミレジスト,0,2,2,0,2,4,0,10,41,2,2,-1,-1,0,弾薬節約,2,達人,2,雷耐性,-2,,,,,鎌蟹の甲殻,2,鎌蟹の小殻,3,大地の結晶,4,キラビートル,1
ガララメイル,0,1,2,1,2,4,0,20,82,1,-1,0,-3,1,聴覚保護,3,捕獲,1,加護,-2,,,,,絞蛇竜の鳴甲,2,絞蛇竜の皮,3,絞蛇竜の甲殻,3,ゲネポスの皮,3
ガララレジスト,0,2,2,1,2,4,0,10,41,1,-1,1,-3,1,聴覚保護,3,捕獲,1,加護,-2,,,,,絞蛇竜の鳴甲,2,絞蛇竜の皮,3,絞蛇竜の甲殻,3,ゲネポスの皮,3
ナルガメイル,0,1,2,1,2,4,0,18,80,-2,1,-3,1,1,達人,3,回避距離,2,龍耐性,-2,,,,,迅竜の鱗,3,迅竜の牙,4,迅竜の黒毛,3,首鳴竜の皮,6
ナルガレジスト,0,2,2,1,2,4,0,9,40,-2,1,-2,1,1,達人,3,回避距離,2,龍耐性,-2,,,,,迅竜の鱗,3,迅竜の牙,4,迅竜の黒毛,3,首鳴竜の皮,6
サージュスーツ,0,1,2,1,2,4,0,18,80,0,0,0,0,0,捕獲,3,底力,-2,,,,,,,雲羊鹿の毛玉,3,首鳴竜の皮,1,怪鳥の甲殻,2,,
サージュベスト,0,2,2,1,2,4,0,9,40,0,0,0,0,0,捕獲,2,底力,-2,,,,,,,雲羊鹿の毛玉,3,首鳴竜の皮,1,怪鳥の甲殻,2,,
ヴァイクメイル,0,1,3,2,3,5,0,20,82,0,3,-2,-1,0,水属性攻撃,2,爆弾強化,2,,,,,,,ヨロイシダイ,1,上竜骨,1,ベアライト石,3,バクレツアロワナ,5
ヴァイクレジスト,0,2,3,2,3,5,0,10,41,0,4,-2,-1,0,水属性攻撃,2,爆弾強化,1,,,,,,,ヨロイシダイ,1,上竜骨,1,ベアライト石,3,バクレツアロワナ,5
ロワーガペット,1,1,3,1,3,5,0,20,82,-2,0,3,-2,2,達人,2,気力回復,1,,,,,,,オオクワアゲハ,1,溶岩塊,1,アルビノエキス,3,不死虫,10
ロワーガペクトス,1,2,3,1,3,5,0,10,41,-2,0,3,-2,3,達人,2,気力回復,1,,,,,,,オオクワアゲハ,1,溶岩塊,1,アルビノエキス,3,不死虫,10
ファルメルペット,2,1,3,1,3,5,0,20,82,-2,0,3,-2,2,達人,2,気力回復,1,,,,,,,オオクワアゲハ,1,溶岩塊,1,アルビノエキス,3,不死虫,10
ファルメルペクトス,2,2,3,1,3,5,0,10,41,-2,0,3,-2,3,達人,2,気力回復,1,,,,,,,オオクワアゲハ,1,溶岩塊,1,アルビノエキス,3,不死虫,10
アーティアメイル,0,1,3,1,3,4,0,24,86,1,-2,-2,2,3,対防御DOWN,5,雷属性攻撃,1,,,,,,,さびた破片,1,ドラグライト鉱石,4,氷結晶,12,砥石,18
アーティアレジスト,0,2,3,1,3,4,0,12,43,3,-2,-2,2,3,対防御DOWN,5,雷属性攻撃,1,,,,,,,さびた破片,1,ドラグライト鉱石,4,氷結晶,12,砥石,18
ガルルガメイル,0,1,3,0,2,5,0,22,84,2,-1,2,0,0,剣術,3,聴覚保護,2,水耐性,-2,,,,,黒狼鳥の鱗,4,黒狼鳥の甲殻,5,黒狼鳥の翼,3,ゲネポスの大皮,2
ガルルガレジスト,0,2,3,0,2,5,0,11,42,3,-1,2,0,0,変則射撃,3,聴覚保護,2,水耐性,-2,,,,,黒狼鳥の鱗,4,黒狼鳥の甲殻,5,黒狼鳥の翼,3,ゲネポスの大皮,2
ガンキンメイル,0,1,3,0,3,5,0,26,88,3,-4,0,-1,-2,抜刀減気,4,,,,,,,,,爆鎚竜の顎,1,爆鎚竜の耐熱殻,1,爆鎚竜の甲殻,3,赤甲獣の甲殻,2
ガンキンレジスト,0,2,3,0,3,5,0,13,44,4,-4,0,-1,-2,散弾強化,4,,,,,,,,,爆鎚竜の顎,1,爆鎚竜の耐熱殻,1,爆鎚竜の甲殻,3,赤甲獣の甲殻,2
レウスメイル,0,1,3,1,3,5,0,24,86,4,0,-2,0,-4,痛撃,3,,,,,,,,,火竜の甲殻,2,火竜の鱗,4,火竜の翼膜,3,マカライト鉱石,5
レウスレジスト,0,2,3,1,3,5,0,12,43,5,0,-2,0,-4,痛撃,3,,,,,,,,,火竜の甲殻,2,火竜の鱗,4,火竜の翼膜,3,マカライト鉱石,5
ラギアメイル,0,1,3,2,3,5,0,24,86,-3,2,4,-1,-2,気力回復,2,特殊攻撃,-2,,,,,,,海竜の皮,3,海竜の背電殻,1,海竜の鱗,4,紅蓮石,2
ラギアレジスト,0,2,3,2,3,5,0,12,43,-3,2,5,-1,-2,気力回復,2,特殊攻撃,-2,,,,,,,海竜の皮,3,海竜の背電殻,1,海竜の鱗,4,紅蓮石,2
ジンオウメイル,0,1,3,0,3,6,0,22,84,0,-1,4,-4,1,属性会心,2,本気,1,氷耐性,-2,,,,,雷狼竜の帯電毛,1,雷狼竜の甲殻,2,雷狼竜の蓄電殻,2,雷光虫,10
ジンオウレジスト,0,2,3,0,3,6,0,11,42,0,-1,5,-4,1,属性会心,2,本気,1,氷耐性,-2,,,,,雷狼竜の帯電毛,1,雷狼竜の甲殻,2,雷狼竜の蓄電殻,2,雷光虫,10
ミツネメイル,0,1,3,1,3,5,0,20,82,0,2,-3,1,-1,泡沫,3,腹減り,1,雷耐性,-2,,,,,泡狐竜の紫毛,4,泡狐竜の錦ヒレ,4,泡狐竜の爪,2,上竜骨,2
ミツネレジスト,0,2,3,1,3,5,0,10,41,0,2,-2,1,-1,泡沫,3,腹減り,1,雷耐性,-2,,,,,泡狐竜の紫毛,4,泡狐竜の錦ヒレ,4,泡狐竜の爪,2,上竜骨,2
ゼクスメイル,0,1,3,0,3,5,0,24,86,0,-2,3,-3,2,連撃,3,気絶,2,氷耐性,-2,,,,,電竜の帯電膜,4,電竜の鋏尾,1,圧電甲,2,ドスヘラクレス,3
ゼクスレジスト,0,2,3,0,3,5,0,12,43,0,-2,4,-3,2,連撃,3,気絶,2,氷耐性,-2,,,,,電竜の帯電膜,4,電竜の鋏尾,1,圧電甲,2,ドスヘラクレス,3
ガムートメイル,0,1,3,0,3,5,0,26,88,-3,1,-1,3,2,寒冷適応,3,野草知識,2,火耐性,-2,,,,,巨獣の甲殻,5,巨獣の赤毛,4,雪甲塊,2,上竜骨,4
ガムートレジスト,0,2,3,0,3,5,0,13,44,-3,1,-1,4,2,寒冷適応,3,野草知識,2,火耐性,-2,,,,,巨獣の甲殻,5,巨獣の赤毛,4,雪甲塊,2,上竜骨,4
ディノメイル,0,1,3,1,3,6,0,24,86,3,-3,1,0,-1,研磨術,3,剣術,1,水耐性,-2,,,,,斬竜の炎状殻,4,斬竜の鱗,4,ドラグライト鉱石,4,上竜骨,2
ディノレジスト,0,2,3,1,3,6,0,12,43,4,-3,1,0,-1,研磨術,3,反動,1,水耐性,-2,,,,,斬竜の炎状殻,4,斬竜の鱗,4,ドラグライト鉱石,4,上竜骨,2
ゴアメイル,0,1,3,0,3,6,0,24,86,-2,2,-1,2,-2,狂撃耐性,2,回避性能,2,ガード性能,-2,,,,,黒蝕竜の鱗,3,黒蝕竜の暗翼,2,黒蝕竜の甲殻,3,黒蝕竜の尻尾,1
ゴアレジスト,0,2,3,0,3,6,0,12,43,-2,3,-1,2,-2,回避性能,2,狂撃耐性,1,ガード性能,-2,,,,,黒蝕竜の鱗,3,黒蝕竜の暗翼,2,黒蝕竜の甲殻,3,黒蝕竜の尻尾,1
レギオスメイル,0,1,3,0,3,6,0,24,86,2,0,-3,-2,0,体術,3,抜刀会心,1,スタミナ,-2,,,,,千刃竜の飛刃片,4,千刃竜の刃鱗,5,千刃竜の槍尾,1,盾蟹の小殻,5
レギオスレジスト,0,2,3,0,3,6,0,12,43,4,0,-3,-2,0,体術,3,射法,1,スタミナ,-2,,,,,千刃竜の飛刃片,4,千刃竜の刃鱗,5,千刃竜の槍尾,1,盾蟹の小殻,5
レックスメイル,0,1,3,0,3,6,0,24,86,2,0,-3,0,-2,食事,3,聴覚保護,2,回復量,-2,,,,,轟竜の爪,5,轟竜の甲殻,3,轟竜の尻尾,1,水生獣の皮,6
レックスレジスト,0,2,3,0,3,6,0,12,43,4,0,-3,0,-2,食事,3,聴覚保護,2,回復量,-2,,,,,轟竜の爪,5,轟竜の甲殻,3,轟竜の尻尾,1,水生獣の皮,6
キリンベスト,0,1,3,0,3,6,0,26,88,-1,-1,3,0,2,属性攻撃,3,加護,1,効果持続,-2,,,,,キリンの皮,1,ブヨブヨした皮,3,ゴム質の皮,2,ライトクリスタル,1
キリンケープ,0,2,3,0,3,6,0,13,44,-1,-1,4,0,2,属性攻撃,3,加護,1,効果持続,-2,,,,,キリンの皮,1,ブヨブヨした皮,3,ゴム質の皮,2,ライトクリスタル,1
ブラキメイル,0,1,3,1,3,6,0,24,86,2,-4,0,-2,0,細菌学,2,闘魂,1,乗り,-2,,,,,砕竜の甲殻,4,砕竜の黒曜甲,3,ライトクリスタル,4,上竜骨,2
ブラキレジスト,0,2,3,1,3,6,0,12,43,2,-3,0,-2,0,細菌学,2,闘魂,1,乗り,-2,,,,,砕竜の甲殻,4,砕竜の黒曜甲,3,ライトクリスタル,4,上竜骨,2
アークメイル,1,1,3,0,3,6,0,26,88,-2,2,0,2,-4,匠,2,無傷,1,,,,,,,天廻龍の鱗,3,天廻龍の虹翼,2,天廻龍の甲殻,3,天廻龍の尻尾,1
アークレジスト,1,2,3,0,3,6,0,13,44,-2,2,0,2,-3,通常弾強化,2,無傷,1,,,,,,,天廻龍の鱗,3,天廻龍の虹翼,2,天廻龍の甲殻,3,天廻龍の尻尾,1
フィリアメイル,2,1,3,0,3,6,0,26,88,-2,2,0,2,-4,匠,2,無傷,1,,,,,,,天廻龍の鱗,3,天廻龍の虹翼,2,天廻龍の甲殻,3,天廻龍の尻尾,1
フィリアレジスト,2,2,3,0,3,6,0,13,44,-2,2,0,2,-3,通常弾強化,2,無傷,1,,,,,,,天廻龍の鱗,3,天廻龍の虹翼,2,天廻龍の甲殻,3,天廻龍の尻尾,1
クシャナディール,0,1,3,1,3,99,0,26,88,-1,2,-2,3,-3,耐暑,3,重撃,1,,,,,,,鋼龍の甲殻,2,鋼龍の翼膜,1,ドラグライト鉱石,2,古龍の血,1
クシャナバダル,0,2,3,1,3,99,0,13,44,-1,2,-2,5,-3,耐暑,2,重撃,1,,,,,,,鋼龍の甲殻,2,鋼龍の翼膜,1,ドラグライト鉱石,2,古龍の血,1
ミヅハ【胸当て】,0,1,3,0,3,99,0,26,88,-5,1,0,2,-3,聴覚保護,2,風圧,2,,,,,,,霞龍の皮,2,霞龍の翼膜,3,紅蓮石,2,ライトクリスタル,2
トヨタマ【胸当て】,0,2,3,0,3,99,0,13,44,-4,1,0,2,-3,聴覚保護,2,風圧,2,,,,,,,霞龍の皮,2,霞龍の翼膜,3,紅蓮石,2,ライトクリスタル,2
カイザーメイル,0,1,3,0,3,99,0,26,88,4,-4,1,-1,-3,毒,2,炎熱適応,2,,,,,,,炎王龍のたてがみ,1,炎龍の翼膜,2,紅蓮石,3,古龍の血,1
カイザーレジスト,0,2,3,0,3,99,0,13,44,4,-3,1,-1,-3,毒,2,炎熱適応,2,,,,,,,炎王龍のたてがみ,1,炎龍の翼膜,2,紅蓮石,3,古龍の血,1
骸装甲【胸骨】,0,1,3,1,3,99,0,26,88,-1,-1,-1,-1,-2,逆境,2,逆上,2,,,,,,,骸体殻,3,骸頭骨,2,発光する粘液,1,大きな骨,5
屍装甲【胸骨】,0,2,3,1,3,99,0,13,44,-1,-1,-1,-1,-1,逆境,2,逆上,1,,,,,,,骸体殻,3,骸頭骨,2,発光する粘液,1,大きな骨,5
ブラックハイド,0,1,3,1,99,5,0,24,86,2,2,2,2,-5,属性耐性,2,溜め短縮,1,,,,,,,黒い塊,1,黒いかけら,3,いにしえの秘薬,1,火炎袋,3
ブラックスキン,0,2,3,1,99,5,0,12,43,2,2,2,2,-4,属性耐性,2,溜め短縮,1,,,,,,,黒い塊,1,黒いかけら,3,いにしえの秘薬,1,火炎袋,3
クロオビメイル,0,1,3,0,3,5,0,22,84,1,1,1,1,1,会心強化,3,運気,-3,,,,,,,クロオビチケット,1,ゲリョスコイン,2,上竜骨,1,,
クロオビレジスト,0,2,3,0,3,5,0,11,42,1,1,1,1,2,会心強化,3,運気,-3,,,,,,,クロオビチケット,1,ゲリョスコイン,2,上竜骨,1,,
ギルドバードスーツ,1,1,3,0,3,5,0,20,82,0,0,0,0,0,号令,2,運気,2,気まぐれ,-2,,,,,龍歴院チケット,1,火竜の甲殻,3,ドラグライト鉱石,3,,
ギルドバードベスト,1,2,3,0,3,5,0,10,41,0,0,0,0,0,号令,2,運気,2,気まぐれ,-2,,,,,龍歴院チケット,1,火竜の甲殻,3,ドラグライト鉱石,3,,
メイドスーツ,2,1,3,0,99,3,0,20,82,0,0,0,0,0,采配,2,運気,2,気まぐれ,-2,,,,,ココットチケット,1,火竜の鱗,3,ランゴスタの甲殻,3,,
プライベートベスト,2,2,3,0,99,3,0,10,41,0,0,0,0,0,采配,2,運気,2,気まぐれ,-2,,,,,ココットチケット,1,火竜の鱗,3,ランゴスタの甲殻,3,,
ヘルパースーツ,2,1,3,1,99,3,0,20,82,0,0,0,0,0,広域,3,回復量,1,回復速度,-1,,,,,ポッケチケット,1,ライトクリスタル,2,雪獅子の毛,4,,
ヒーラーベスト,2,2,3,1,99,3,0,10,41,0,0,0,0,0,回復量,2,広域,2,気配,-1,,,,,ポッケチケット,1,ライトクリスタル,2,雪獅子の毛,4,,
撫子【蝶袍】,2,1,3,0,99,2,0,20,82,0,0,0,0,0,千里眼,2,観察眼,2,,,,,,,ユクモチケット,1,ユクモの木,2,白兎獣の腹甲,4,,
桔梗【蝶袍】,2,2,3,0,99,2,0,10,41,0,0,0,0,0,千里眼,2,観察眼,1,,,,,,,ユクモチケット,1,ユクモの木,2,白兎獣の腹甲,4,,
ユアミスガタ,0,0,3,0,99,6,0,10,41,-2,-2,-2,-2,0,剥ぎ取り,2,,,,,,,,,足湯チケット,1,希望の証,1,雪獅子の毛,2,,
グルニャンスーツ,0,1,3,0,99,6,0,22,84,1,1,1,1,1,研ぎ師,2,回復量,2,,,,,,,希望の証,1,ビストロチケット,1,オトモチケット,1,暖かい毛皮,3
グルニャンベスト,0,2,3,0,99,6,0,11,42,1,1,1,1,1,弾薬節約,2,回復量,2,,,,,,,希望の証,1,ビストロチケット,1,オトモチケット,1,暖かい毛皮,3
レザーＳメイル,0,1,4,0,4,99,0,24,86,0,0,0,0,0,気まぐれ,5,,,,,,,,,上質な毛皮,1,上竜骨,2,カブレライト鉱石,1,,
レザーＳレジスト,0,2,4,0,4,99,0,12,74,0,1,1,0,0,気まぐれ,5,,,,,,,,,上質な毛皮,1,上竜骨,2,カブレライト鉱石,1,,
チェーンＳメイル,0,1,4,1,4,99,0,24,86,0,0,1,0,0,体力,3,,,,,,,,,カブレライト鉱石,2,ドラグライト鉱石,1,大地の結晶,2,ドスヘラクレス,2
チェーンＳレジスト,0,2,4,1,4,99,0,12,74,0,0,1,1,0,体力,3,,,,,,,,,カブレライト鉱石,2,ドラグライト鉱石,1,大地の結晶,2,ドスヘラクレス,2
ベルダーＳメイル,0,1,4,2,4,99,0,26,88,0,1,0,0,0,加護,2,広域,1,,,,,,,上質な毛皮,2,ベルナチケット,1,雲羊鹿の毛玉,5,,
ベルダーＳレジスト,0,2,4,2,4,99,0,13,44,0,2,0,0,0,加護,2,広域,1,,,,,,,上質な毛皮,2,ベルナチケット,1,雲羊鹿の毛玉,5,,
ハントＳメイル,0,1,4,0,4,99,0,26,88,1,0,0,0,0,爆弾強化,2,千里眼,2,,,,,,,カブレライト鉱石,2,ココットチケット,1,火竜の甲殻,3,モンスターの濃汁,2
ハントＳレジスト,0,2,4,0,4,99,0,13,44,2,0,0,0,0,爆弾強化,2,千里眼,2,,,,,,,カブレライト鉱石,2,ココットチケット,1,火竜の甲殻,3,モンスターの濃汁,2
マフモフＳスーツ,0,1,4,0,4,99,0,26,88,-1,0,0,2,0,耐寒,6,溜め短縮,1,,,,,,,上質な毛皮,2,ポッケチケット,1,ブランゴの剛毛,2,,
マフモフＳジャケット,0,2,4,0,4,99,0,13,44,-1,0,0,4,0,耐寒,6,溜め短縮,1,,,,,,,上質な毛皮,2,ポッケチケット,1,ブランゴの剛毛,2,,
ユクモノドウギ・天,0,1,4,0,4,99,0,26,88,0,0,1,0,0,達人,5,回避性能,1,,,,,,,ユクモの堅木,2,ユクモチケット,1,丸鳥の羽,3,,
ユクモノドウギ・地,0,2,4,0,4,99,0,13,44,0,0,2,0,0,達人,5,回避性能,1,,,,,,,ユクモの堅木,2,ユクモチケット,1,丸鳥の羽,3,,
ロックラックＳスーツ,0,0,4,1,4,99,0,15,46,1,0,0,0,2,運搬,3,耐暑,2,,,,,,,上質な腹袋,1,盾虫の堅殻,3,氷結晶,5,,
ハンターＳメイル,0,1,4,1,4,99,0,26,88,0,0,0,0,0,高速設置,2,捕獲,2,,,,,,,ジャギィの上鱗,2,イーオスの上皮,5,暖かい毛皮,5,大猪の皮,2
ハンターＳレジスト,0,2,4,1,4,99,0,13,44,0,0,0,0,0,高速設置,2,捕獲,2,,,,,,,ジャギィの上鱗,2,イーオスの上皮,5,暖かい毛皮,5,大猪の皮,2
ハンターＲメイル,0,1,4,0,6,99,0,22,84,0,0,0,0,0,闘魂,2,観察眼,2,ガード性能,-2,,,,,獰猛化エキス,1,炎戈竜の燃鱗,5,マカライト鉱石,15,獰猛化素材(上位pts),5
ハンターＲレジスト,0,2,4,0,6,99,0,11,42,0,0,0,0,0,闘魂,2,観察眼,2,反動,-2,,,,,獰猛化エキス,1,炎戈竜の燃鱗,5,マカライト鉱石,15,獰猛化素材(上位pts),5
ボーンＳメイル,0,1,4,1,4,99,0,30,92,0,0,0,-1,0,笛,4,KO,2,,,,,,,堅牢な骨,1,竜骨【小】,5,とがった牙,5,,
ボーンＳレジスト,0,2,4,1,4,99,0,15,46,0,0,0,-1,0,笛,4,KO,2,,,,,,,堅牢な骨,1,竜骨【小】,5,とがった牙,5,,
混沌のカイ・覇,0,1,4,3,4,99,0,36,98,2,-2,0,0,0,特殊攻撃,2,特殊会心,-2,,,,,,,ファンゴの上毛皮,4,混沌茸,3,マンドラゴラ,2,交易チケット,1
混沌のイー・覇,0,2,4,3,4,99,0,18,49,4,-2,0,0,0,特殊攻撃,1,特殊会心,-2,,,,,,,ファンゴの上毛皮,4,混沌茸,3,マンドラゴラ,2,交易チケット,1
メルホアＳトロンコ,0,1,4,0,4,99,0,32,94,0,1,1,0,0,採取,3,野草知識,2,,,,,,,王族カナブン,4,ドスビスカス,2,ツタの葉,10,モンスターの濃汁,3
メルホアＳシュタム,0,2,4,0,4,99,0,16,47,0,1,1,0,0,採取,3,野草知識,2,,,,,,,王族カナブン,4,ドスビスカス,2,ツタの葉,10,モンスターの濃汁,3
メルホアＵトロンコ,0,1,4,0,4,99,0,28,90,0,1,1,0,0,耐寒,5,採取,1,,,,,,,ノヴァクリスタル,1,ドスビスカス,2,ツタの葉,10,モンスターの濃汁,3
メルホアＵシュタム,0,2,4,0,4,99,0,14,45,0,1,1,0,0,耐寒,5,採取,1,,,,,,,ノヴァクリスタル,1,ドスビスカス,2,ツタの葉,10,モンスターの濃汁,3
マカルパＳペプラム,0,1,4,1,4,99,0,36,98,1,2,-2,0,0,効果持続,3,調合成功率,2,,,,,,,砂竜の上ヒレ,4,春夜鯉,2,ドス大食いマグロ,1,調合書②初級編,1
マカルパＳエカイユ,0,2,4,1,4,99,0,18,49,1,3,-2,0,0,効果持続,3,調合成功率,2,,,,,,,砂竜の上ヒレ,4,春夜鯉,2,ドス大食いマグロ,1,調合書②初級編,1
マカルパＵペプラム,0,1,4,2,5,99,0,32,94,1,2,-2,0,0,調合数,3,効果持続,1,,,,,,,水竜の上ヒレ,4,春夜鯉,2,ドス大食いマグロ,1,調合書③中級編,1
マカルパＵエカイユ,0,2,4,2,5,99,0,16,47,1,3,-2,0,0,調合数,3,効果持続,1,,,,,,,水竜の上ヒレ,4,春夜鯉,2,ドス大食いマグロ,1,調合書③中級編,1
ビストロＳスーツ,0,1,4,1,4,99,0,34,96,3,1,0,2,0,食事,2,肉食,2,回復量,-1,,,,,白兎獣の剛毛,3,ビストロチケット,2,水生獣の上皮,4,特産キノコキムチ,5
ビストロＳベスト,0,2,4,1,4,99,0,17,48,4,1,0,3,0,食事,2,肉食,2,回復量,-1,,,,,白兎獣の剛毛,3,ビストロチケット,2,水生獣の上皮,4,特産キノコキムチ,5
どんぐりＳメイル,0,1,4,0,4,99,0,36,98,2,2,0,-2,0,砲術,4,采配,4,,,,,,,カブレライト鉱石,3,オトモチケット,2,紅蓮石,5,爆鎚竜の耐熱殻,4
どんぐりＳレジスト,0,2,4,0,4,99,0,18,49,3,3,0,-2,0,砲術,4,采配,3,,,,,,,カブレライト鉱石,3,オトモチケット,2,紅蓮石,5,爆鎚竜の耐熱殻,4
マギュルＳトロンコ,0,1,4,0,4,99,0,36,98,-3,1,0,2,0,火属性攻撃,3,溜め短縮,3,体術,-2,,,,,王族カナブン,4,ペピポパンプキン,2,秘薬,2,交易チケット,1
マギュルＳシュタム,0,2,4,0,4,99,0,18,49,-3,2,0,3,0,火属性攻撃,3,溜め短縮,3,体術,-2,,,,,王族カナブン,4,ペピポパンプキン,2,秘薬,2,交易チケット,1
エーデルＳトロンコ,0,1,4,0,4,99,0,34,96,-1,3,-1,0,0,広域,4,気配,-1,,,,,,,大水袋,2,星見の花,2,ベルナチケット,1,ユクモの堅木,2
エーデルＳシュタム,0,2,4,0,4,99,0,17,48,-1,4,-1,0,0,広域,3,気配,-1,,,,,,,大水袋,2,星見の花,2,ベルナチケット,1,ユクモの堅木,2
ムーファＳスーツ,0,1,4,0,4,99,0,32,94,-1,0,2,3,0,雷属性攻撃,4,耐寒,3,,,,,,,上質な毛皮,2,雲羊鹿の毛玉,5,雲羊鹿の角,4,大猪の大牙,3
ムーファＳジャケット,0,2,4,0,4,99,0,16,47,-1,0,3,4,0,雷属性攻撃,4,耐寒,3,,,,,,,上質な毛皮,2,雲羊鹿の毛玉,5,雲羊鹿の角,4,大猪の大牙,3
ズワロマント,0,1,4,0,4,99,0,28,90,-2,2,0,-1,1,水属性攻撃,5,回復速度,2,,,,,,,垂皮竜の上皮,4,ファンゴの上毛皮,2,大猪の皮,3,,
ズワロケープ,0,2,4,0,4,99,0,14,45,-2,3,0,-1,1,水属性攻撃,4,回復速度,2,,,,,,,垂皮竜の上皮,4,ファンゴの上毛皮,2,大猪の皮,3,,
ランポスーツＳボディ,0,1,4,0,4,99,0,20,82,1,2,1,1,1,運気,2,腹減り,-2,,,,,,,ランポスの大上皮,2,ランポスの上鱗,4,鳴き袋,3,上質な毛皮,5
ランポスーツＳウェア,0,2,4,0,4,99,0,10,41,1,3,1,1,1,運気,1,腹減り,-2,,,,,,,ランポスの大上皮,2,ランポスの上鱗,4,鳴き袋,3,上質な毛皮,5
ゲネポスーツＳボディ,0,1,4,0,4,99,0,20,82,1,1,2,1,1,運気,2,腹減り,-2,,,,,,,ゲネポスの大上皮,2,ゲネポスの上鱗,4,麻痺袋,3,上質な毛皮,5
ゲネポスーツＳウェア,0,2,4,0,4,99,0,10,41,1,1,3,1,1,運気,1,腹減り,-2,,,,,,,ゲネポスの大上皮,2,ゲネポスの上鱗,4,麻痺袋,3,上質な毛皮,5
イーオスーツＳボディ,0,1,4,0,5,99,0,20,82,2,1,1,1,1,運気,2,腹減り,-2,,,,,,,イーオスの大上皮,2,イーオスの上鱗,4,毒袋,3,肉厚な上皮,4
イーオスーツＳウェア,0,2,4,0,5,99,0,10,41,3,1,1,1,1,運気,1,腹減り,-2,,,,,,,イーオスの大上皮,2,イーオスの上鱗,4,毒袋,3,肉厚な上皮,4
ガブラスーツＳボディ,0,1,4,0,5,99,0,20,82,1,1,1,1,2,運気,2,腹減り,-2,,,,,,,翼蛇竜の上皮,4,翼蛇竜の皮,4,獄炎石,2,尖竜骨,2
ガブラスーツＳウェア,0,2,4,0,5,99,0,10,41,1,1,1,1,3,運気,1,腹減り,-2,,,,,,,翼蛇竜の上皮,4,翼蛇竜の皮,4,獄炎石,2,尖竜骨,2
モスＳブレスト,0,0,4,1,4,99,0,19,50,0,0,0,0,0,茸食,1,,,,,,,,,ファンゴの上毛皮,3,モスの苔皮,2,大猪の硬い皮,1,マカライト鉱石,5
リノプロＳメイル,0,1,4,1,4,99,0,32,94,2,0,0,-2,0,水属性攻撃,3,砲術,1,,,,,,,草食竜の堅殻,1,草食竜の頭殻,1,カブレライト鉱石,2,,
リノプロＳレジスト,0,2,4,1,4,99,0,16,47,3,0,0,-2,0,水属性攻撃,3,砲術,1,,,,,,,草食竜の堅殻,1,草食竜の頭殻,1,カブレライト鉱石,2,,
ジャギィＳメイル,0,1,4,1,4,99,0,28,90,-2,0,0,0,0,攻撃,3,防御,-2,,,,,,,ジャギィの上鱗,4,鳥竜種の牙,8,マッカォの上鱗,3,カブレライト鉱石,2
ジャギィＳレジスト,0,2,4,1,4,99,0,14,45,-2,0,0,0,0,攻撃,3,防御,-2,,,,,,,ジャギィの上鱗,4,鳥竜種の牙,8,マッカォの上鱗,3,カブレライト鉱石,2
ドロスＳメイル,0,1,4,0,4,99,0,28,90,-2,4,-1,0,0,節食,5,体術,2,,,,,,,水生獣の上皮,3,未熟な海綿質,5,上質な毛皮,3,水獣の尻尾,1
ドロスＳレジスト,0,2,4,0,4,99,0,14,45,-2,5,-1,0,0,節食,5,体術,2,,,,,,,水生獣の上皮,3,未熟な海綿質,5,上質な毛皮,3,水獣の尻尾,1
コトルＳメイル,0,1,4,1,5,99,0,30,92,4,-2,0,-1,0,ガード強化,4,,,,,,,,,溶岩獣の上鱗,4,溶岩獣の鱗,6,上質な毛皮,4,獄炎石,1
コトルＳレジスト,0,2,4,1,5,99,0,15,46,5,-2,0,-1,0,変則射撃,4,,,,,,,,,溶岩獣の上鱗,4,溶岩獣の鱗,6,上質な毛皮,4,獄炎石,1
マッカォＳメイル,0,1,4,0,4,99,0,30,92,-2,0,0,0,0,跳躍,4,KO,1,,,,,,,跳狗竜の上鱗,3,跳狗竜の上赤皮,2,鳥竜種の牙,10,カブレライト鉱石,5
マッカォＳレジスト,0,2,4,0,4,99,0,15,46,-2,1,1,1,1,跳躍,4,KO,1,,,,,,,跳狗竜の上鱗,3,跳狗竜の上赤皮,2,鳥竜種の牙,10,カブレライト鉱石,5
ランポスＳメイル,0,1,4,0,4,99,0,30,92,0,0,0,-2,0,気絶,5,麻痺,-4,,,,,,,ランポスの大上皮,4,ランポスの大尖爪,2,ドラグライト鉱石,4,上質な毛皮,2
ランポスＳレジスト,0,2,4,0,4,99,0,15,46,0,1,1,-2,0,気絶,5,麻痺,-4,,,,,,,ランポスの大上皮,4,ランポスの大尖爪,2,ドラグライト鉱石,4,上質な毛皮,2
ギアノスＳメイル,0,1,4,0,4,99,0,30,92,0,0,-1,2,0,氷属性攻撃,5,,,,,,,,,ギアノスの上皮,3,ギアノスの上鱗,4,黒蝕竜の甲殻,1,セッチャクロアリ,10
ギアノスＳレジスト,0,2,4,0,4,99,0,15,46,0,0,-1,3,0,氷属性攻撃,5,,,,,,,,,ギアノスの上皮,3,ギアノスの上鱗,4,黒蝕竜の甲殻,1,セッチャクロアリ,10
ゲネポスＳメイル,0,1,4,0,4,99,0,32,94,0,0,1,-2,0,麻痺,3,雷属性攻撃,3,毒,-2,,,,,ゲネポスの上鱗,4,ゲネポスの上皮,4,麻痺袋,3,上質な腹袋,3
ゲネポスＳレジスト,0,2,4,0,4,99,0,16,47,1,0,2,-2,0,麻痺,3,雷属性攻撃,3,毒,-2,,,,,ゲネポスの上鱗,4,ゲネポスの上皮,4,麻痺袋,3,上質な腹袋,3
EXゲネポスメイル,0,1,4,1,5,99,0,36,98,0,0,1,-2,0,攻撃,2,特殊攻撃,2,属性攻撃,-2,,,,,虹色鉱石,1,ゲネポスの大尖牙,4,ゲネポスの上鱗,5,マレコガネ,3
EXゲネポスレジスト,0,2,4,1,5,99,0,18,49,1,0,2,-2,0,攻撃,2,特殊攻撃,1,属性攻撃,-2,,,,,虹色鉱石,1,ゲネポスの大尖牙,4,ゲネポスの上鱗,5,マレコガネ,3
イーオスＳメイル,0,1,4,1,4,99,0,34,96,2,-1,-1,0,0,観察眼,3,毒,2,気絶,-2,,,,,イーオスの上皮,2,イーオスの毒牙,10,カブレライト鉱石,6,堅牢な骨,3
イーオスＳレジスト,0,2,4,1,4,99,0,17,48,3,-1,-1,0,0,観察眼,3,毒,2,気絶,-2,,,,,イーオスの上皮,2,イーオスの毒牙,10,カブレライト鉱石,6,堅牢な骨,3
EXイーオスメイル,0,1,4,0,5,99,0,38,100,2,-1,-1,0,0,火耐性,3,根性,2,調合成功率,-2,,,,,虹色鉱石,1,イーオスの上紫鱗,4,イーオスの上鱗,6,王族カナブン,3
EXイーオスレジスト,0,2,4,0,5,99,0,19,50,3,-1,-1,0,0,火耐性,3,根性,2,調合成功率,-2,,,,,虹色鉱石,1,イーオスの上紫鱗,4,イーオスの上鱗,6,王族カナブン,3
ランゴＳメイル,0,1,4,2,4,99,0,32,94,-2,1,1,1,2,納刀,2,,,,,,,,,ランゴスタの堅殻,3,ランゴスタの薄羽,3,ランゴスタの甲殻,2,セッチャクロアリ,10
ランゴＳレジスト,0,2,4,2,4,99,0,16,47,-2,2,2,2,3,納刀,2,,,,,,,,,ランゴスタの堅殻,3,ランゴスタの薄羽,3,ランゴスタの甲殻,2,セッチャクロアリ,10
EXランゴメイル,0,1,4,0,5,99,0,36,98,-2,1,1,1,2,剣術,2,回避距離,2,体力,-2,,,,,虹色鉱石,1,ランゴスタの堅殻,4,上質な腹袋,4,王族カナブン,3
EXランゴレジスト,0,2,4,0,5,99,0,18,49,-2,2,2,2,3,散弾強化,2,回避距離,2,体力,-2,,,,,虹色鉱石,1,ランゴスタの堅殻,4,上質な腹袋,4,王族カナブン,3
タロスＳメイル,0,1,4,0,4,99,0,36,98,-1,-1,-1,-1,4,龍属性攻撃,5,龍耐性,2,,,,,,,カンタロスの薄羽,3,カンタロスの堅殻,3,カンタロスの甲殻,4,セッチャクロアリ,10
タロスＳレジスト,0,2,4,0,4,99,0,18,49,-1,-1,-1,-1,6,龍属性攻撃,5,龍耐性,2,,,,,,,カンタロスの薄羽,3,カンタロスの堅殻,3,カンタロスの甲殻,4,セッチャクロアリ,10
EXタロスメイル,0,1,4,1,5,99,0,40,102,-1,-1,-1,-1,4,龍属性攻撃,2,ガード性能,2,体術,-2,,,,,虹色鉱石,1,カンタロスの堅殻,4,上質な腹袋,4,王族カナブン,3
EXタロスレジスト,0,2,4,1,5,99,0,20,51,-1,-1,-1,-1,6,龍属性攻撃,2,精密射撃,2,体術,-2,,,,,虹色鉱石,1,カンタロスの堅殻,4,上質な腹袋,4,王族カナブン,3
タロスＲメイル,0,1,4,2,6,99,0,32,94,-1,-1,-1,-1,4,窮地,3,毒,-5,,,,,,,獰猛な爪,1,カンタロスの堅殻,7,モンスターの濃汁,3,獰猛化素材(上位pts),8
タロスＲレジスト,0,2,4,2,6,99,0,16,47,-1,-1,-1,-1,6,窮地,3,毒,-5,,,,,,,獰猛な爪,1,カンタロスの堅殻,7,モンスターの濃汁,3,獰猛化素材(上位pts),8
ブナハＳスーツ,0,1,4,0,4,99,0,32,94,-2,0,0,0,2,特殊攻撃,3,斬れ味,1,火耐性,-2,,,,,飛甲虫の堅殻,2,飛甲虫の甲殻,3,モンスターの濃汁,2,王族カナブン,2
ブナハＳベスト,0,2,4,0,4,99,0,16,47,-2,1,1,1,3,特殊攻撃,3,弾薬節約,1,火耐性,-2,,,,,飛甲虫の堅殻,2,飛甲虫の甲殻,3,モンスターの濃汁,2,王族カナブン,2
ファンゴＳメイル,0,1,4,1,4,99,0,36,98,0,2,-2,1,0,底力,4,攻撃,1,加護,-4,,,,,大猪の硬い皮,5,堅牢な骨,3,ファンゴの毛皮,5,白兎獣の剛毛,2
ファンゴＳレジスト,0,2,4,1,4,99,0,18,49,0,3,-2,1,0,底力,4,攻撃,1,加護,-4,,,,,大猪の硬い皮,5,堅牢な骨,3,ファンゴの毛皮,5,白兎獣の剛毛,2
アシラＳメイル,0,1,4,0,4,99,0,38,100,-2,0,-2,0,0,防御,2,体術,2,攻撃,-2,,,,,青熊獣の剛毛,5,青熊獣の堅殻,2,飛甲虫の堅殻,3,王族カナブン,2
アシラＳレジスト,0,2,4,0,4,99,0,19,50,-2,0,-2,0,0,防御,2,体術,2,攻撃,-2,,,,,青熊獣の剛毛,5,青熊獣の堅殻,2,飛甲虫の堅殻,3,王族カナブン,2
ガレオスＳメイル,0,1,4,1,4,99,0,42,104,2,0,0,-3,0,水属性攻撃,4,,,,,,,,,砂竜の上ヒレ,3,砂竜の上鱗,3,砂竜の鋭牙,2,ライトクリスタル,2
ガレオスＳレジスト,0,2,4,1,4,99,0,21,52,2,0,0,-3,0,水属性攻撃,4,,,,,,,,,砂竜の上ヒレ,3,砂竜の上鱗,3,砂竜の鋭牙,2,ライトクリスタル,2
EXガレオスメイル,0,1,4,0,5,99,0,46,108,2,0,0,-3,0,睡眠,2,耐震,2,水属性攻撃,2,,,,,虹色鉱石,1,砂竜の上ヒレ,4,古代魚,1,鉄鉱石,20
EXガレオスレジスト,0,2,4,0,5,99,0,23,54,2,0,0,-3,0,睡眠,2,耐震,2,水属性攻撃,2,,,,,虹色鉱石,1,砂竜の上ヒレ,4,古代魚,1,鉄鉱石,20
クックＳメイル,0,1,4,0,4,99,0,44,106,3,-1,0,-3,0,攻撃,3,火属性攻撃,2,防御,-3,,,,,怪鳥の上鱗,2,怪鳥の堅殻,3,怪鳥の翼膜,1,上竜骨,3
クックＳレジスト,0,2,4,0,4,99,0,22,53,4,-1,0,-3,0,攻撃,3,火属性攻撃,2,防御,-3,,,,,怪鳥の上鱗,2,怪鳥の堅殻,3,怪鳥の翼膜,1,上竜骨,3
ケチャメイル,0,1,4,1,4,99,0,44,106,-2,2,-1,0,1,気力回復,2,体術,1,スタミナ,-1,,,,,奇猿狐の大耳,2,奇猿狐の剛毛,2,堅牢な骨,1,ドスヘラクレス,2
ケチャレジスト,0,2,4,1,4,99,0,22,53,-2,3,-1,0,1,体術,1,気力回復,1,スタミナ,-1,,,,,奇猿狐の大耳,2,奇猿狐の剛毛,2,堅牢な骨,1,ドスヘラクレス,2
ウルクＳメイル,0,1,4,0,4,99,0,40,102,-3,1,0,3,0,跳躍,3,回避性能,2,体力,-2,,,,,白兎獣の堅腹甲,3,白兎獣の剛毛,3,ギアノスの上鱗,5,王族カナブン,2
ウルクＳレジスト,0,2,4,0,4,99,0,20,51,-3,1,0,4,0,跳躍,3,回避性能,2,体力,-2,,,,,白兎獣の堅腹甲,3,白兎獣の剛毛,3,ギアノスの上鱗,5,王族カナブン,2
ゲリョスＳメイル,0,1,4,2,4,99,0,46,108,-3,1,4,-1,0,毒,4,スタミナ,1,腹減り,-1,,,,,毒怪鳥の翼,2,ゴム質の上皮,3,モンスターの濃汁,2,ゲネポスの大上皮,3
ゲリョスＳレジスト,0,2,4,2,4,99,0,23,54,-3,1,5,-1,0,毒,3,スタミナ,1,腹減り,-1,,,,,毒怪鳥の翼,2,ゴム質の上皮,3,モンスターの濃汁,2,ゲネポスの大上皮,3
ゲリョスＲメイル,0,1,4,0,6,99,0,42,104,-3,1,4,-1,0,スタミナ,4,腹減り,-5,,,,,,,獰猛化毒怪鳥皮,1,毒怪鳥の翼,4,獰猛な毒液,1,毒怪鳥素材(pts),8
ゲリョスＲレジスト,0,2,4,0,6,99,0,21,52,-3,1,5,-1,0,スタミナ,4,腹減り,-5,,,,,,,獰猛化毒怪鳥皮,1,毒怪鳥の翼,4,獰猛な毒液,1,毒怪鳥素材(pts),8
カブラＳメイル,0,1,4,1,4,99,0,46,108,2,-3,-1,0,1,抜刀減気,2,耐震,1,睡眠,-1,,,,,鬼蛙の上鱗,3,鬼蛙の尖爪,2,草食竜の堅殻,3,カワズの殿油,3
カブラＳレジスト,0,2,4,1,4,99,0,23,54,3,-3,-1,0,1,射法,2,耐震,1,睡眠,-1,,,,,鬼蛙の上鱗,3,鬼蛙の尖爪,2,草食竜の堅殻,3,カワズの殿油,3
ザザミＳメイル,0,1,4,0,4,99,0,48,110,-1,3,-3,0,1,ガード性能,4,体力,2,体術,-3,,,,,盾蟹の堅殻,3,盾蟹の甲殻,2,王族カナブン,3,上竜骨,1
ザザミＳレジスト,0,2,4,0,4,99,0,24,55,-1,4,-3,0,1,反動,4,体力,2,装填速度,-3,,,,,盾蟹の堅殻,3,盾蟹の甲殻,2,王族カナブン,3,上竜骨,1
EXザザミメイル,0,1,4,0,7,99,0,52,114,-1,3,-3,0,1,窮地,3,ガード強化,1,スタミナ,-1,,,,,七色たんぽぽ,1,盾蟹の堅殻,4,キラビートル,3,ゲネポスの上皮,4
EXザザミレジスト,0,2,4,0,7,99,0,26,57,-1,4,-3,0,1,窮地,3,強撃瓶追加,1,達人,-1,,,,,七色たんぽぽ,1,盾蟹の堅殻,4,キラビートル,3,ゲネポスの上皮,4
ザザミＲメイル,0,1,4,3,8,6,1,44,106,-1,3,-3,0,1,,,,,,,,,,,獰猛化盾蟹殻,1,盾蟹の堅殻,5,獰猛な竜骨,1,盾蟹素材(pts),8
ザザミＲレジスト,0,2,4,3,8,6,1,22,53,-1,4,-3,0,1,,,,,,,,,,,獰猛化盾蟹殻,1,盾蟹の堅殻,5,獰猛な竜骨,1,盾蟹素材(pts),8
ラングロＳメイル,0,1,4,1,5,99,0,46,108,2,-3,0,-1,1,細菌学,4,溜め短縮,2,気力回復,-2,,,,,赤甲獣の堅殻,3,赤甲獣の蛇腹甲,4,堅牢な骨,2,獄炎石,1
ラングロＳレジスト,0,2,4,1,5,99,0,23,54,3,-3,0,-1,1,細菌学,4,溜め短縮,2,気力回復,-2,,,,,赤甲獣の堅殻,3,赤甲獣の蛇腹甲,4,堅牢な骨,2,獄炎石,1
ルドロスＳメイル,0,1,4,1,4,99,0,46,108,-3,4,-1,0,0,気力回復,3,回避性能,-3,,,,,,,海綿質の上皮,3,水生獣の上皮,3,水生獣の皮,6,王族カナブン,2
ルドロスＳレジスト,0,2,4,1,4,99,0,23,54,-3,5,-1,0,0,気力回復,2,回避性能,-3,,,,,,,海綿質の上皮,3,水生獣の上皮,3,水生獣の皮,6,王族カナブン,2
ルドロスＲメイル,0,1,4,0,6,99,0,42,104,-3,4,-1,0,0,気力回復,4,回避性能,-3,,,,,,,獰猛化水獣鱗,1,海綿質の上皮,4,獰猛な水袋,1,水獣素材(pts),8
ルドロスＲレジスト,0,2,4,0,6,99,0,21,52,-3,5,-1,0,0,気力回復,4,回避性能,-3,,,,,,,獰猛化水獣鱗,1,海綿質の上皮,4,獰猛な水袋,1,水獣素材(pts),8
エコールスーツ,2,1,4,0,4,99,0,44,106,0,0,0,0,0,千里眼,4,狂撃耐性,3,食事,-2,,,,,ベルナチケット,1,上質な毛皮,2,鬼蛙の甲殻,6,奇猿狐の剛毛,3
エコールベスト,2,2,4,0,4,99,0,22,53,0,0,0,0,0,千里眼,4,狂撃耐性,2,食事,-2,,,,,ベルナチケット,1,上質な毛皮,2,鬼蛙の甲殻,6,奇猿狐の剛毛,3
アロイＳメイル,0,1,5,1,5,99,0,40,102,-1,0,-1,-1,0,研ぎ師,2,達人,2,風圧,1,,,,,ユニオン鉱石,2,カブレライト鉱石,2,マカライト鉱石,7,鉄鉱石,10
アロイＳレジスト,0,2,5,1,5,99,0,20,51,-1,0,-1,-1,0,装填速度,2,達人,2,風圧,1,,,,,ユニオン鉱石,2,カブレライト鉱石,2,マカライト鉱石,7,鉄鉱石,10
アロイＲメイル,0,1,5,1,6,99,0,36,98,-1,0,-1,-1,0,研ぎ師,4,匠,-2,,,,,,,獰猛化狩猟の証Ⅰ,1,ユニオン鉱石,5,雷狼竜の堅殻,5,獰猛化素材(上位pts),5
アロイＲレジスト,0,2,5,1,6,99,0,18,49,-1,0,-1,-1,0,装填速度,4,反動,-2,,,,,,,獰猛化狩猟の証Ⅰ,1,ユニオン鉱石,5,雷狼竜の堅殻,5,獰猛化素材(上位pts),5
バトルＳメイル,0,1,5,2,5,99,0,44,106,1,-1,-1,0,0,盗み無効,3,ガード性能,2,,,,,,,マレコガネ,4,翼蛇竜の上皮,2,ファンゴの上毛皮,5,ドラグライト鉱石,4
バトルＳレジスト,0,2,5,2,5,99,0,22,53,2,-1,-1,0,0,盗み無効,3,反動,2,,,,,,,マレコガネ,4,翼蛇竜の上皮,2,ファンゴの上毛皮,5,ドラグライト鉱石,4
インゴットＳメイル,0,1,5,1,5,99,0,48,110,-1,-1,1,0,0,風圧,4,氷属性攻撃,2,運気,-2,,,,,獄炎石,1,カブレライト鉱石,3,ドラグライト鉱石,5,鳥竜玉,2
インゴットＳレジスト,0,2,5,1,5,99,0,24,55,-1,-1,2,0,0,風圧,4,氷属性攻撃,2,運気,-2,,,,,獄炎石,1,カブレライト鉱石,3,ドラグライト鉱石,5,鳥竜玉,2
インゴットＲメイル,0,1,5,0,6,99,0,44,106,-1,-1,1,0,0,氷属性攻撃,5,,,,,,,,,獰猛な竜骨,1,獄炎石,4,斬竜の堅殻,4,獰猛化素材(上位pts),5
インゴットＲレジスト,0,2,5,0,6,99,0,22,53,-1,-1,2,0,0,氷属性攻撃,5,,,,,,,,,獰猛な竜骨,1,獄炎石,4,斬竜の堅殻,4,獰猛化素材(上位pts),5
ハイメタＳメイル,0,1,5,1,5,99,0,46,108,0,-1,2,-1,0,雷耐性,4,聴覚保護,1,,,,,,,ユニオン鉱石,5,ライトクリスタル,1,ランポスの上皮,3,マカライト鉱石,12
ハイメタＳレジスト,0,2,5,1,5,99,0,23,54,0,-1,3,-1,0,雷耐性,4,聴覚保護,1,,,,,,,ユニオン鉱石,5,ライトクリスタル,1,ランポスの上皮,3,マカライト鉱石,12
ハイメタＵメイル,0,1,5,0,5,99,0,42,104,0,-1,2,-1,0,抜刀会心,3,達人,-3,,,,,,,爆鎚竜の堅殻,2,カブレライト鉱石,2,黒真珠,2,鬼蛙の堅殻,4
ハイメタＵレジスト,0,2,5,0,5,99,0,21,52,0,-1,3,-1,0,重撃弾強化,3,達人,-3,,,,,,,爆鎚竜の堅殻,2,カブレライト鉱石,2,黒真珠,2,鬼蛙の堅殻,4
キングロブスタシェル,0,1,5,0,5,99,0,48,110,-1,4,-1,-1,-1,泡沫,2,節食,2,雷耐性,-3,,,,,エビの大殻,1,エビの小殻,3,水竜の上ヒレ,2,砂竜の上鱗,4
キングロブスタスキン,0,2,5,0,5,99,0,24,55,-1,5,-1,-1,-1,泡沫,2,節食,2,雷耐性,-3,,,,,エビの大殻,1,エビの小殻,3,水竜の上ヒレ,2,砂竜の上鱗,4
オウビートＳペット,1,1,5,2,5,99,0,50,112,2,-2,2,-2,3,体術,2,スタミナ,-1,,,,,,,マレコガネ,2,オオツノアゲハ,3,キラビートル,8,猛毒袋,3
オウビートＳペクトス,1,2,5,2,5,99,0,25,56,3,-2,2,-2,4,体術,2,スタミナ,-1,,,,,,,マレコガネ,2,オオツノアゲハ,3,キラビートル,8,猛毒袋,3
パピメルＳペット,2,1,5,2,5,99,0,50,112,2,-2,2,-2,3,体術,2,スタミナ,-1,,,,,,,マレコガネ,2,オオツノアゲハ,3,キラビートル,8,猛毒袋,3
パピメルＳペクトス,2,2,5,2,5,99,0,25,56,3,-2,2,-2,4,体術,2,スタミナ,-1,,,,,,,マレコガネ,2,オオツノアゲハ,3,キラビートル,8,猛毒袋,3
デスギアＳムスケル,0,1,5,2,5,99,0,48,110,2,1,1,-1,0,龍属性攻撃,3,,,,,,,,,禍々しい闇布,1,禍々しい布,2,雪獅子の鋭牙,4,古龍骨,3
デスギアＳケミュート,0,2,5,2,5,99,0,24,55,3,1,1,-1,0,龍属性攻撃,3,,,,,,,,,禍々しい闇布,1,禍々しい布,2,雪獅子の鋭牙,4,古龍骨,3
デスギアＲムスケル,0,1,5,0,7,99,0,44,106,2,1,1,-1,0,属性会心,4,攻撃,-2,,,,,,,獰猛な鋭牙,1,禍々しい闇布,1,千刃竜の刻爪,4,獰猛化素材(上位pts),8
デスギアＲケミュート,0,2,5,0,7,99,0,22,53,3,1,1,-1,0,属性会心,4,攻撃,-2,,,,,,,獰猛な鋭牙,1,禍々しい闇布,1,千刃竜の刻爪,4,獰猛化素材(上位pts),8
ヴァイクＳメイル,0,1,5,0,5,99,0,46,108,0,3,-2,-1,0,水属性攻撃,2,斬れ味,2,,,,,,,ユニオン鉱石,2,ヨロイシダイ,2,溶岩竜の上ヒレ,3,古代魚,2
ヴァイクＳレジスト,0,2,5,0,5,99,0,23,54,0,4,-2,-1,0,水属性攻撃,2,弾薬節約,1,,,,,,,ユニオン鉱石,2,ヨロイシダイ,2,溶岩竜の上ヒレ,3,古代魚,2
ロワーガＳペット,1,1,5,1,5,99,0,48,110,-2,0,3,-2,2,達人,2,会心強化,1,攻撃,-2,,,,,マレコガネ,2,オオクワアゲハ,3,ランゴスタの堅殻,5,不死虫,10
ロワーガＳペクトス,1,2,5,1,5,99,0,24,55,-2,0,3,-2,3,達人,2,会心強化,1,攻撃,-2,,,,,マレコガネ,2,オオクワアゲハ,3,ランゴスタの堅殻,5,不死虫,10
ファルメルＳペット,2,1,5,1,5,99,0,48,110,-2,0,3,-2,2,達人,2,会心強化,1,攻撃,-2,,,,,マレコガネ,2,オオクワアゲハ,3,ランゴスタの堅殻,5,不死虫,10
ファルメルＳペクトス,2,2,5,1,5,99,0,24,55,-2,0,3,-2,3,達人,2,会心強化,1,攻撃,-2,,,,,マレコガネ,2,オオクワアゲハ,3,ランゴスタの堅殻,5,不死虫,10
パティシエスーツ,0,1,5,0,5,99,0,44,106,2,0,0,2,-2,炎熱適応,2,効果持続,2,腹減り,-3,,,,,マレコガネ,2,ビストロチケット,2,白兎獣の堅腹甲,2,お食事券,2
パティシエベスト,0,2,5,0,5,99,0,22,53,4,0,0,2,-2,炎熱適応,2,効果持続,2,腹減り,-3,,,,,マレコガネ,2,ビストロチケット,2,白兎獣の堅腹甲,2,お食事券,2
スカルダＳペット,1,1,5,0,5,99,0,48,110,3,-1,-1,-1,3,本気,3,,,,,,,,,オオ毒クモリ,1,毒クモリ,2,ランゴスタの薄羽,3,猛毒袋,4
スカルダＳペクトス,1,2,5,0,5,99,0,24,55,4,-1,-1,-1,3,本気,3,,,,,,,,,オオ毒クモリ,1,毒クモリ,2,ランゴスタの薄羽,3,猛毒袋,4
スパイオＳペット,2,1,5,0,5,99,0,48,110,3,-1,-1,-1,3,本気,3,,,,,,,,,オオ毒クモリ,1,毒クモリ,2,ランゴスタの薄羽,3,猛毒袋,4
スパイオＳペクトス,2,2,5,0,5,99,0,24,55,4,-1,-1,-1,3,本気,3,,,,,,,,,オオ毒クモリ,1,毒クモリ,2,ランゴスタの薄羽,3,猛毒袋,4
ホロロＳメイル,0,1,5,0,5,99,0,44,106,-2,-2,1,1,0,観察眼,3,痛撃,2,睡眠,1,,,,,夜鳥の翼,4,夜鳥の上羽鱗,3,ドラグライト鉱石,5,垂皮竜の上皮,6
ホロロＳレジスト,0,2,5,0,5,99,0,22,53,-1,-2,1,1,0,観察眼,3,痛撃,2,睡眠,1,,,,,夜鳥の翼,4,夜鳥の上羽鱗,3,ドラグライト鉱石,5,垂皮竜の上皮,6
ザボアメイル,0,1,5,0,5,99,0,46,108,-2,3,-4,4,0,ガード性能,4,寒冷適応,1,火耐性,-3,,,,,化け鮫の上ヒレ,2,化け鮫の上鱗,2,大きな骨,3,カワズの殿油,1
ザボアレジスト,0,2,5,0,5,99,0,23,54,-2,3,-4,5,0,反動,4,寒冷適応,1,火耐性,-3,,,,,化け鮫の上ヒレ,2,化け鮫の上鱗,2,大きな骨,3,カワズの殿油,1
フルフルＳメイル,0,1,5,0,5,99,0,50,112,-4,1,4,2,1,回復量,3,回復速度,3,,,,,,,真珠色の柔皮,3,電撃袋,2,モンスターの濃汁,4,生命の粉塵,3
フルフルＳレジスト,0,2,5,0,5,99,0,25,56,-4,1,5,2,1,回復量,3,回復速度,2,,,,,,,真珠色の柔皮,3,電撃袋,2,モンスターの濃汁,4,生命の粉塵,3
フルフルＲメイル,0,1,5,0,6,99,0,46,108,-4,1,4,2,1,回復速度,5,調合成功率,-2,,,,,,,獰猛化白柔皮,1,真珠色の柔皮,5,獰猛な電気袋,1,フルフル素材(pts),8
フルフルＲレジスト,0,2,5,0,6,99,0,23,54,-4,1,5,2,1,回復速度,5,調合成功率,-2,,,,,,,獰猛化白柔皮,1,真珠色の柔皮,5,獰猛な電気袋,1,フルフル素材(pts),8
レイアＳメイル,0,1,5,0,5,99,0,50,112,3,0,-2,0,-3,体力,3,回復量,2,回復速度,-3,,,,,雌火竜の上鱗,4,雌火竜の翼膜,4,雌火竜の上棘,1,紅蓮石,2
レイアＳレジスト,0,2,5,0,5,99,0,25,56,4,0,-2,0,-3,体力,3,回復量,2,回復速度,-3,,,,,雌火竜の上鱗,4,雌火竜の翼膜,4,雌火竜の上棘,1,紅蓮石,2
EXレイアメイル,0,1,5,0,8,6,1,54,116,3,0,-2,0,-3,回復量,2,野草知識,2,気配,-2,,,,,EX火竜チケット,1,雌火竜の上鱗,5,雌火竜の棘,3,ユニオン鉱石,4
EXレイアレジスト,0,2,5,0,8,6,1,27,58,4,0,-2,0,-3,回復量,2,野草知識,2,気配,-2,,,,,EX火竜チケット,1,雌火竜の上鱗,5,雌火竜の棘,3,ユニオン鉱石,4
レイアＲメイル,0,1,5,2,6,99,0,46,108,3,0,-2,0,-3,体力,3,,,,,,,,,獰猛化雌火竜鱗,1,雌火竜の上鱗,5,獰猛な火炎袋,1,雌火竜素材(pts),8
レイアＲレジスト,0,2,5,2,6,99,0,23,54,4,0,-2,0,-3,体力,2,,,,,,,,,獰猛化雌火竜鱗,1,雌火竜の上鱗,5,獰猛な火炎袋,1,雌火竜素材(pts),8
ハプルＳメイル,0,1,5,0,5,99,0,50,112,2,0,-1,-3,1,抜刀減気,3,食事,3,,,,,,,潜口竜の上皮,4,潜口竜の堅殻,4,極彩色の体液,3,イーオスの上皮,5
ハプルＳレジスト,0,2,5,0,5,99,0,25,56,3,0,-1,-3,1,装填速度,3,食事,3,,,,,,,潜口竜の上皮,4,潜口竜の堅殻,4,極彩色の体液,3,イーオスの上皮,5
ガノスメイル,0,1,5,0,5,99,0,52,114,-2,4,-4,2,1,乗り,3,跳躍,2,捕獲,2,,,,,水竜の上鱗,4,水竜の鋭牙,2,イーオスの上皮,2,モンスターの濃汁,2
ガノスレジスト,0,2,5,0,5,99,0,26,57,-2,5,-4,2,1,乗り,3,跳躍,2,捕獲,2,,,,,水竜の上鱗,4,水竜の鋭牙,2,イーオスの上皮,2,モンスターの濃汁,2
ブランゴＳメイル,0,1,5,1,5,99,0,50,112,-4,1,0,4,0,体術,4,納刀,1,,,,,,,雪獅子の剛毛,3,黒狼鳥のたてがみ,2,ギアノスの上皮,4,ランポスの上皮,4
ブランゴＳレジスト,0,2,5,1,5,99,0,25,56,-4,1,0,5,0,体術,4,納刀,1,,,,,,,雪獅子の剛毛,3,黒狼鳥のたてがみ,2,ギアノスの上皮,4,ランポスの上皮,4
EXブランゴメイル,0,1,5,1,7,99,0,54,116,-4,1,0,4,0,体術,4,スタミナ,-2,,,,,,,七色たんぽぽ,1,雪獅子の剛毛,3,雌火竜の上鱗,2,ゲネポスの上皮,5
EXブランゴレジスト,0,2,5,1,7,99,0,27,58,-4,1,0,5,0,体術,4,スタミナ,-2,,,,,,,七色たんぽぽ,1,雪獅子の剛毛,3,雌火竜の上鱗,2,ゲネポスの上皮,5
ラヴァメイル,0,1,5,1,5,99,0,56,118,4,-4,0,0,1,窮地,2,根性,1,,,,,,,溶岩竜の堅殻,4,溶岩竜の上ヒレ,3,爆炎袋,2,ユニオン鉱石,2
ラヴァレジスト,0,2,5,1,5,99,0,28,59,5,-4,0,0,1,窮地,2,根性,1,,,,,,,溶岩竜の堅殻,4,溶岩竜の上ヒレ,3,爆炎袋,2,ユニオン鉱石,2
EXラヴァメイル,0,1,5,1,8,99,0,60,122,4,-4,0,0,1,窮地,2,逆境,1,,,,,,,EX溶岩竜チケット,1,溶岩竜の上鱗,5,溶岩竜の鋭牙,5,紅蓮石,4
EXラヴァレジスト,0,2,5,1,8,99,0,30,61,5,-4,0,0,1,窮地,2,逆境,1,,,,,,,EX溶岩竜チケット,1,溶岩竜の上鱗,5,溶岩竜の鋭牙,5,紅蓮石,4
ギザミＳメイル,0,1,5,0,5,99,0,48,110,1,2,-1,-1,0,達人,3,斬れ味,2,,,,,,,鎌蟹の堅殻,3,鎌蟹の小殻,6,カブレライト鉱石,4,マレコガネ,4
ギザミＳレジスト,0,2,5,0,5,99,0,24,55,2,2,-1,-1,0,達人,3,弾薬節約,2,,,,,,,鎌蟹の堅殻,3,鎌蟹の小殻,6,カブレライト鉱石,4,マレコガネ,4
EXギザミメイル,0,1,5,0,7,99,0,52,114,1,2,-1,-1,0,匠,2,達人,2,雷耐性,-2,,,,,七色たんぽぽ,1,鎌蟹の堅殻,4,鎌蟹の小殻,6,鋼の龍鱗,2
EXギザミレジスト,0,2,5,0,7,99,0,26,57,2,2,-1,-1,0,通常弾強化,2,達人,2,雷耐性,-2,,,,,七色たんぽぽ,1,鎌蟹の堅殻,4,鎌蟹の小殻,6,鋼の龍鱗,2
ギザミＲメイル,0,1,5,1,6,99,0,44,106,1,2,-1,-1,0,斬れ味,3,達人,2,匠,1,,,,,獰猛化鎌蟹殻,1,鎌蟹の堅殻,5,獰猛な竜骨,1,鎌蟹素材(pts),8
ギザミＲレジスト,0,2,5,1,6,99,0,22,53,2,2,-1,-1,0,弾薬節約,3,達人,2,通常弾強化,1,,,,,獰猛化鎌蟹殻,1,鎌蟹の堅殻,5,獰猛な竜骨,1,鎌蟹素材(pts),8
ガララＳメイル,0,1,5,1,5,99,0,56,118,1,-1,0,-3,1,聴覚保護,3,麻痺,1,捕獲,1,,,,,絞蛇竜の上鳴甲,2,絞蛇竜の上皮,3,絞蛇竜の甲殻,5,ゲネポスの上皮,3
ガララＳレジスト,0,2,5,1,5,99,0,28,59,1,-1,1,-3,1,聴覚保護,3,麻痺,1,捕獲,1,,,,,絞蛇竜の上鳴甲,2,絞蛇竜の上皮,3,絞蛇竜の甲殻,5,ゲネポスの上皮,3
ナルガＳメイル,0,1,5,0,5,99,0,40,102,-2,1,-3,1,1,達人,3,回避距離,2,回避性能,1,,,,,迅竜の上鱗,4,迅竜の鋭牙,5,モンスターの濃汁,4,王族カナブン,6
ナルガＳレジスト,0,2,5,0,5,99,0,20,51,-2,1,-2,1,1,達人,3,回避距離,2,回避性能,1,,,,,迅竜の上鱗,4,迅竜の鋭牙,5,モンスターの濃汁,4,王族カナブン,6
ガルルガＳメイル,0,1,5,0,5,99,0,56,118,2,-1,2,0,0,剣術,3,聴覚保護,2,採取,-3,,,,,黒狼鳥の上鱗,4,黒狼鳥の堅殻,4,黒狼鳥の翼,4,ゲネポスの大尖牙,2
ガルルガＳレジスト,0,2,5,0,5,99,0,28,59,3,-1,2,0,0,変則射撃,3,聴覚保護,2,採取,-3,,,,,黒狼鳥の上鱗,4,黒狼鳥の堅殻,4,黒狼鳥の翼,4,ゲネポスの大尖牙,2
ガンキンＳメイル,0,1,5,0,5,99,0,64,126,3,-4,0,-1,-2,抜刀減気,4,防御,1,,,,,,,爆鎚竜の堅殻,5,爆鎚竜の顎,3,爆鎚竜の鱗,6,獄炎石,3
ガンキンＳレジスト,0,2,5,0,5,99,0,32,63,4,-4,0,-1,-2,散弾強化,4,防御,1,,,,,,,爆鎚竜の堅殻,5,爆鎚竜の顎,3,爆鎚竜の鱗,6,獄炎石,3
クロオビＳメイル,0,1,5,0,5,99,0,50,112,3,3,3,3,3,会心強化,3,本気,2,,,,,,,タツジンチケット,1,ガノスコイン,2,マレコガネ,1,,
クロオビＳレジスト,0,2,5,0,5,99,0,25,56,3,3,3,3,4,会心強化,3,本気,2,,,,,,,タツジンチケット,1,ガノスコイン,2,マレコガネ,1,,
ガーディアンスーツ,1,1,5,0,5,6,1,50,112,0,0,0,0,0,ガード性能,3,研ぎ師,2,気配,-2,,,,,ココットチケット,1,ノヴァクリスタル,2,海竜の鱗,3,鎌蟹の堅殻,4
ガーディアンベスト,1,2,5,0,5,6,1,25,56,0,0,0,0,0,ガード性能,3,装填速度,2,気配,-2,,,,,ココットチケット,1,ノヴァクリスタル,2,海竜の鱗,3,鎌蟹の堅殻,4
ガーディアンＵスーツ,1,1,5,0,5,6,1,54,116,0,0,0,0,0,ガード性能,3,砲術,2,気配,-2,,,,,ココットチケット,1,ノヴァクリスタル,2,火竜の鱗,3,鎌蟹の堅殻,4
ガーディアンＵベスト,1,2,5,0,5,6,1,27,58,0,0,0,0,0,ガード性能,3,反動,2,気配,-2,,,,,ココットチケット,1,ノヴァクリスタル,2,火竜の鱗,3,鎌蟹の堅殻,4
スカラースーツ,2,1,5,0,5,99,0,48,110,0,0,0,0,0,回避性能,3,笛,2,気配,-2,,,,,ユクモチケット,1,龍歴院チケット,1,潜口竜の堅殻,4,カブレライト鉱石,5
スカラーベスト,2,2,5,0,5,99,0,24,55,0,0,0,0,0,回避性能,3,精密射撃,2,気配,-2,,,,,ユクモチケット,1,龍歴院チケット,1,潜口竜の堅殻,4,カブレライト鉱石,5
セイラースーツ,2,1,5,0,5,99,0,48,110,0,0,0,0,0,回避性能,3,溜め短縮,2,気配,-2,,,,,ユクモチケット,1,龍歴院チケット,1,真珠色の柔皮,4,海竜の皮,5
セイラーベスト,2,2,5,0,5,99,0,24,55,0,0,0,0,0,回避性能,3,溜め短縮,2,気配,-2,,,,,ユクモチケット,1,龍歴院チケット,1,真珠色の柔皮,4,海竜の皮,5
高級ユアミスガタ,0,0,5,1,5,99,0,15,46,-2,-2,-2,-2,0,泡沫,3,剥ぎ取り,2,,,,,,,雪獅子の剛毛,2,足湯チケット,1,ブランゴの剛毛,2,希望の証,2
ホクシン【上衣】,0,1,5,0,5,99,0,52,114,-2,4,-2,3,2,北辰納豆流,2,攻撃,-2,,,,,,,ココットチケット,1,交易チケット,1,化け鮫の上皮,3,泡狐竜の錦ヒレ,3
カイエン【上衣】,0,2,5,0,5,99,0,26,57,-2,5,-2,3,2,北辰納豆流,2,攻撃,-3,,,,,,,ココットチケット,1,交易チケット,1,化け鮫の上皮,3,泡狐竜の錦ヒレ,3
ブレイブＳメイル,0,1,6,1,7,6,1,48,110,0,0,0,0,0,乗り,3,闘魂,2,,,,,,,ベルナチケット,1,勇気の証Ｇ,1,上質な毛皮,2,ランポスの上皮,8
ブレイブＳレジスト,0,2,6,1,7,6,1,24,55,1,1,1,1,1,乗り,3,闘魂,2,,,,,,,ベルナチケット,1,勇気の証Ｇ,1,上質な毛皮,2,ランポスの上皮,8
ドーベルメイル,0,1,6,1,6,99,0,54,116,-2,0,0,0,4,気絶,3,属性耐性,2,,,,,,,堅竜骨,2,いにしえの龍骨,2,斬竜の鋭牙,2,竜骨【小】,15
ドーベルレジスト,0,2,6,1,6,99,0,27,58,-2,0,0,0,5,気絶,3,属性耐性,2,,,,,,,堅竜骨,2,いにしえの龍骨,2,斬竜の鋭牙,2,竜骨【小】,15
ダマスクメイル,0,1,6,0,8,99,0,60,122,-1,2,-3,1,-1,だるま,3,抜刀会心,3,無心,1,,,,,堅骸体殻,3,銀火竜の堅殻,6,火竜の煌液,3,骸体殻,3
ダマスクレジスト,0,2,6,0,8,99,0,30,61,-1,2,-3,1,-1,だるま,3,貫通弾強化,3,無心,1,,,,,堅骸体殻,3,銀火竜の堅殻,6,火竜の煌液,3,骸体殻,3
ダマスクＲメイル,0,1,6,0,8,99,0,56,118,-1,2,-3,1,-1,抜刀会心,4,,,,,,,,,獰猛化狩猟の証Ⅲ,1,獰猛化雷狼竜殻,2,堅骸体殻,5,獰猛化素材(上位pts),8
ダマスクＲレジスト,0,2,6,0,8,99,0,28,59,-1,2,-3,1,-1,貫通弾強化,4,,,,,,,,,獰猛化狩猟の証Ⅲ,1,獰猛化雷狼竜殻,2,堅骸体殻,5,獰猛化素材(上位pts),8
アーティアＳメイル,0,1,6,1,6,99,0,60,122,1,-2,-2,2,3,対防御DOWN,5,雷属性攻撃,1,,,,,,,太古の破片,1,さびた破片,2,ユニオン鉱石,3,ライトクリスタル,6
アーティアＳレジスト,0,2,6,1,6,99,0,30,61,3,-2,-2,2,3,対防御DOWN,5,,,,,,,,,太古の破片,1,さびた破片,2,ユニオン鉱石,3,ライトクリスタル,6
アーティアＲメイル,0,1,6,1,7,99,0,56,118,1,-2,-2,2,3,対防御DOWN,6,,,,,,,,,獰猛化狩猟の証Ⅱ,1,太古の破片,1,ユニオン鉱石,10,獰猛化素材(上位pts),8
アーティアＲレジスト,0,2,6,1,7,99,0,28,59,3,-2,-2,2,3,対防御DOWN,6,,,,,,,,,獰猛化狩猟の証Ⅱ,1,太古の破片,1,ユニオン鉱石,10,獰猛化素材(上位pts),8
セルタスメイル,0,1,6,0,6,99,0,60,122,-3,4,-2,-2,5,斬れ味,4,砲術,1,英雄の盾,1,,,,,重甲虫の堅胸殻,4,重甲虫の円月尾,2,徹甲虫の薄羽,3,上質な腹袋,4
セルタスレジスト,0,2,6,0,6,99,0,30,61,-3,4,-2,-2,6,弾薬節約,4,砲術,1,英雄の盾,1,,,,,重甲虫の堅胸殻,4,重甲虫の円月尾,2,徹甲虫の薄羽,3,上質な腹袋,4
レウスＳメイル,0,1,6,1,6,99,0,58,120,4,0,-2,0,-4,痛撃,3,攻撃,1,,,,,,,火竜の上鱗,4,火竜の甲殻,4,火竜の翼膜,4,ユニオン鉱石,2
レウスＳレジスト,0,2,6,1,6,99,0,29,60,5,0,-2,0,-4,痛撃,3,攻撃,1,,,,,,,火竜の上鱗,4,火竜の甲殻,4,火竜の翼膜,4,ユニオン鉱石,2
EXレウスメイル,0,1,6,1,8,6,1,62,124,4,0,-2,0,-4,炎熱適応,3,,,,,,,,,EX火竜チケット,1,火竜の上鱗,5,火竜の尻尾,3,ユニオン鉱石,4
EXレウスレジスト,0,2,6,1,8,6,1,31,62,5,0,-2,0,-4,炎熱適応,3,,,,,,,,,EX火竜チケット,1,火竜の上鱗,5,火竜の尻尾,3,ユニオン鉱石,4
レウスＲメイル,0,1,6,0,7,99,0,54,116,4,0,-2,0,-4,攻撃,3,痛撃,2,,,,,,,獰猛化火竜鱗,1,火竜の堅殻,5,獰猛な火炎袋,1,雄火竜素材(pts),8
レウスＲレジスト,0,2,6,0,7,99,0,27,58,5,0,-2,0,-4,攻撃,3,痛撃,2,,,,,,,獰猛化火竜鱗,1,火竜の堅殻,5,獰猛な火炎袋,1,雄火竜素材(pts),8
ラギアＳメイル,0,1,6,2,6,99,0,58,120,-3,2,4,-1,-2,属性攻撃,2,気力回復,2,,,,,,,海竜の上皮,4,海竜の高電殻,1,ノヴァクリスタル,2,獄炎石,2
ラギアＳレジスト,0,2,6,2,6,99,0,29,60,-3,2,5,-1,-2,属性攻撃,2,気力回復,2,,,,,,,海竜の上皮,4,海竜の高電殻,1,ノヴァクリスタル,2,獄炎石,2
ラギアＲメイル,0,1,6,1,7,99,0,54,116,-3,2,4,-1,-2,気力回復,4,,,,,,,,,獰猛化海竜皮,1,海竜の上皮,4,獰猛な帯電殻,1,海竜素材(pts),8
ラギアＲレジスト,0,2,6,1,7,99,0,27,58,-3,2,5,-1,-2,気力回復,4,,,,,,,,,獰猛化海竜皮,1,海竜の上皮,4,獰猛な帯電殻,1,海竜素材(pts),8
ジンオウＳメイル,0,1,6,0,6,99,0,58,120,0,-1,4,-4,1,属性会心,4,,,,,,,,,雷狼竜の高電毛,4,雷狼竜の堅殻,4,雷狼竜の高電殻,3,雷光虫,20
ジンオウＳレジスト,0,2,6,0,6,99,0,29,60,0,-1,5,-4,1,属性会心,4,,,,,,,,,雷狼竜の高電毛,4,雷狼竜の堅殻,4,雷狼竜の高電殻,3,雷光虫,20
EXジンオウメイル,0,1,6,0,8,99,0,62,124,0,-1,4,-4,1,連撃,2,本気,2,気配,-2,,,,,EX雷狼竜チケット,1,雷狼竜の高電毛,5,雷狼竜の蓄電殻,6,海竜の高電殻,4
EXジンオウレジスト,0,2,6,0,8,99,0,31,62,0,-1,5,-4,1,連撃,2,本気,2,気配,-2,,,,,EX雷狼竜チケット,1,雷狼竜の高電毛,5,雷狼竜の蓄電殻,6,海竜の高電殻,4
ミツネＳメイル,0,1,6,1,6,99,0,50,112,0,2,-3,1,-1,泡沫,3,窮地,2,腹減り,1,,,,,泡狐竜の紫上毛,4,泡狐竜の錦ヒレ,6,泡狐竜の尖爪,2,尖竜骨,2
ミツネＳレジスト,0,2,6,1,6,99,0,25,56,0,2,-2,1,-1,泡沫,3,窮地,2,腹減り,1,,,,,泡狐竜の紫上毛,4,泡狐竜の錦ヒレ,6,泡狐竜の尖爪,2,尖竜骨,2
ゼクスＳメイル,0,1,6,0,6,99,0,58,120,0,-2,3,-3,2,連撃,3,気絶,2,気力回復,2,,,,,電竜の高電膜,4,電竜の鋏尾,3,高圧電甲,2,王族カナブン,5
ゼクスＳレジスト,0,2,6,0,6,99,0,29,60,0,-2,4,-3,2,連撃,3,気絶,2,気力回復,2,,,,,電竜の高電膜,4,電竜の鋏尾,3,高圧電甲,2,王族カナブン,5
ガムートＳメイル,0,1,6,0,6,99,0,66,128,-3,1,-1,3,2,寒冷適応,3,耐震,2,重撃,2,,,,,巨獣の堅殻,5,巨獣の毛,6,雪甲大塊,3,堅竜骨,3
ガムートＳレジスト,0,2,6,0,6,99,0,33,64,-3,1,-1,4,2,寒冷適応,3,重撃弾強化,2,重撃,2,,,,,巨獣の堅殻,5,巨獣の毛,6,雪甲大塊,3,堅竜骨,3
ディノＳメイル,0,1,6,0,6,99,0,60,122,3,-3,1,0,-1,研磨術,3,匠,2,,,,,,,斬竜の焔状殻,4,斬竜の上鱗,4,ユニオン鉱石,4,尖竜骨,2
ディノＳレジスト,0,2,6,1,6,99,0,30,61,4,-3,1,0,-1,研磨術,3,射法,1,,,,,,,斬竜の焔状殻,4,斬竜の上鱗,4,ユニオン鉱石,4,尖竜骨,2
アグナメイル,0,1,6,0,6,99,0,60,122,4,-4,0,-1,0,炎熱適応,3,ガード性能,2,,,,,,,炎戈竜の上皮,4,炎戈竜の上ヒレ,2,炎戈竜の堅殻,4,獄炎石,2
アグナレジスト,0,2,6,0,6,99,0,30,61,6,-4,0,-1,0,炎熱適応,3,反動,2,,,,,,,炎戈竜の上皮,4,炎戈竜の上ヒレ,2,炎戈竜の堅殻,4,獄炎石,2
ゴアＳメイル,0,1,6,0,6,99,0,60,122,-2,2,-1,2,-2,回避性能,3,狂撃耐性,2,,,,,,,黒蝕竜の上鱗,3,黒蝕竜の上暗翼,2,穢れた竜鱗,5,翼蛇竜の上皮,5
ゴアＳレジスト,0,2,6,0,6,99,0,30,61,-2,3,-1,2,-2,回避性能,3,狂撃耐性,1,,,,,,,黒蝕竜の上鱗,3,黒蝕竜の上暗翼,2,穢れた竜鱗,5,翼蛇竜の上皮,5
EXゴアメイル,0,1,6,0,8,99,0,64,126,-2,2,-1,2,-2,細菌学,3,闘魂,3,,,,,,,EX黒蝕竜チケット,1,黒蝕竜の堅殻,5,黒蝕竜の暗翼,4,天廻龍の尖角,2
EXゴアレジスト,0,2,6,0,8,99,0,32,63,-2,3,-1,2,-2,細菌学,2,闘魂,2,,,,,,,EX黒蝕竜チケット,1,黒蝕竜の堅殻,5,黒蝕竜の暗翼,4,天廻龍の尖角,2
ゴアＲメイル,0,1,6,0,8,99,0,56,118,-2,2,-1,2,-2,狂撃耐性,4,,,,,,,,,獰猛化黒蝕竜鱗,1,黒蝕竜の上鱗,5,獰猛な蝕龍鱗,1,黒蝕竜素材(pts),8
ゴアＲレジスト,0,2,6,0,8,99,0,28,59,-2,3,-1,2,-2,狂撃耐性,4,,,,,,,,,獰猛化黒蝕竜鱗,1,黒蝕竜の上鱗,5,獰猛な蝕龍鱗,1,黒蝕竜素材(pts),8
レギオスＳメイル,0,1,6,0,7,99,0,60,122,2,0,-3,-2,0,体術,4,抜刀会心,1,,,,,,,千刃竜の飛刃,4,千刃竜の鋭刃鱗,5,千刃竜の槍尾,2,盾蟹の小殻,8
レギオスＳレジスト,0,2,6,0,7,99,0,30,61,4,0,-3,-2,0,体術,4,射法,1,,,,,,,千刃竜の飛刃,4,千刃竜の鋭刃鱗,5,千刃竜の槍尾,2,盾蟹の小殻,8
ドボルメイル,0,1,6,0,6,99,0,66,128,-3,2,1,-2,1,溜め短縮,2,重撃,2,,,,,,,尾槌竜のコブ,3,尾槌竜の尖角,2,尾槌竜の堅殻,4,ファンゴの毛皮,6
ドボルレジスト,0,2,6,0,6,99,0,33,64,-2,2,1,-2,1,溜め短縮,2,重撃,1,,,,,,,尾槌竜のコブ,3,尾槌竜の尖角,2,尾槌竜の堅殻,4,ファンゴの毛皮,6
レックスＳメイル,0,1,6,0,6,99,0,60,122,2,0,-3,0,-2,聴覚保護,3,食事,3,回復量,-2,,,,,轟竜の尖爪,3,轟竜の堅殻,4,轟竜の尻尾,1,水生獣の上皮,6
レックスＳレジスト,0,2,6,0,6,99,0,30,61,4,0,-3,0,-2,聴覚保護,3,食事,3,回復量,-2,,,,,轟竜の尖爪,3,轟竜の堅殻,4,轟竜の尻尾,1,水生獣の上皮,6
EXレックスメイル,0,1,6,0,8,99,0,64,126,2,0,-3,0,-2,食事,3,逆上,2,肉食,1,,,,,EX轟竜チケット,1,轟竜の尖爪,5,轟竜の牙,6,水竜の鋭牙,4
EXレックスレジスト,0,2,6,0,8,99,0,32,63,4,0,-3,0,-2,食事,3,逆上,2,肉食,1,,,,,EX轟竜チケット,1,轟竜の尖爪,5,轟竜の牙,6,水竜の鋭牙,4
レックスＲメイル,0,1,6,2,8,99,0,56,118,2,0,-3,0,-2,食事,3,,,,,,,,,獰猛化轟竜鱗,1,轟竜の上鱗,5,轟竜の尖爪,6,轟竜素材(pts),8
レックスＲレジスト,0,2,6,2,8,99,0,28,59,4,0,-3,0,-2,食事,3,,,,,,,,,獰猛化轟竜鱗,1,轟竜の上鱗,5,轟竜の尖爪,6,轟竜素材(pts),8
キリンＳベスト,0,1,6,1,6,99,0,64,126,-1,-1,3,0,2,属性攻撃,3,スタミナ,2,加護,1,,,,,キリンの上皮,1,キリンの皮,3,真珠色の柔皮,4,ノヴァクリスタル,1
キリンＳケープ,0,2,6,1,6,99,0,32,63,-1,-1,4,0,2,属性攻撃,3,スタミナ,2,加護,1,,,,,キリンの上皮,1,キリンの皮,3,真珠色の柔皮,4,ノヴァクリスタル,1
キリンＲベスト,0,1,6,1,7,99,0,60,122,-1,-1,3,0,2,加護,3,,,,,,,,,獰猛な帯電毛,1,キリンの上皮,3,キリンの皮,5,獰猛化素材(上位pts),8
キリンＲケープ,0,2,6,1,7,99,0,30,61,-1,-1,4,0,2,加護,2,,,,,,,,,獰猛な帯電毛,1,キリンの上皮,3,キリンの皮,5,獰猛化素材(上位pts),8
ブラキＳメイル,0,1,6,2,7,99,0,62,124,2,-4,0,-2,0,細菌学,3,闘魂,2,,,,,,,砕竜の堅殻,4,砕竜の堅黒曜甲,3,ノヴァクリスタル,4,堅竜骨,2
ブラキＳレジスト,0,2,6,2,7,99,0,31,62,2,-3,0,-2,0,細菌学,3,闘魂,2,,,,,,,砕竜の堅殻,4,砕竜の堅黒曜甲,3,ノヴァクリスタル,4,堅竜骨,2
EXブラキメイル,0,1,6,1,8,99,0,66,128,2,-4,0,-2,0,匠,2,爆弾強化,1,,,,,,,EX砕竜チケット,1,砕竜の堅殻,5,なぞの粘菌,5,カワズの殿油,4
EXブラキレジスト,0,2,6,1,8,99,0,33,64,2,-3,0,-2,0,速射,2,爆弾強化,1,,,,,,,EX砕竜チケット,1,砕竜の堅殻,5,なぞの粘菌,5,カワズの殿油,4
金色ノ羽織,0,1,6,1,6,99,0,66,128,2,1,3,-5,2,攻撃,3,無心,1,気配,-2,,,,,金獅子の尖角,1,黄金の毛,1,金獅子の黒毛,4,鋼の龍鱗,2
黒子ノ装束,0,2,6,1,6,99,0,33,64,2,1,3,-4,2,攻撃,3,気配,2,無心,1,,,,,金獅子の尖角,1,黄金の毛,1,金獅子の黒毛,4,鋼の龍鱗,2
バンギスメイル,0,1,6,0,6,99,0,66,128,0,0,-4,0,-4,痛撃,2,重撃,1,腹減り,-3,,,,,恐暴竜の大牙,5,恐暴竜の鉤爪,4,恐暴竜の黒皮,5,雌火竜の棘,2
バンギスレジスト,0,2,6,0,6,99,0,33,64,0,0,-3,0,-4,痛撃,2,重撃,1,腹減り,-3,,,,,恐暴竜の大牙,5,恐暴竜の鉤爪,4,恐暴竜の黒皮,5,雌火竜の棘,2
ギルドナイトスーツ,1,1,6,1,6,99,0,50,112,0,0,0,0,0,采配,2,運気,2,,,,,,,ギルドチケット,1,火竜の上鱗,3,ランゴスタの堅殻,3,モンスターの体液,3
ギルドナイトベスト,1,2,6,1,6,99,0,25,56,0,0,0,0,0,采配,2,運気,2,,,,,,,ギルドチケット,1,火竜の上鱗,3,ランゴスタの堅殻,3,モンスターの体液,3
メイドＳスーツ,2,1,6,1,7,99,0,50,112,0,0,0,0,0,采配,2,運気,2,,,,,,,ココットチケット,1,火竜の上鱗,3,ランゴスタの堅殻,3,モンスターの体液,3
プライベートＳベスト,2,2,6,1,7,99,0,25,56,0,0,0,0,0,采配,2,運気,2,,,,,,,ココットチケット,1,火竜の上鱗,3,ランゴスタの堅殻,3,モンスターの体液,3
ギルドガードスーツ蒼,1,1,6,1,6,6,1,50,112,0,0,0,0,0,采配,2,護石王,2,,,,,,,ギルドチケット,1,ポッケチケット,1,水竜の上ヒレ,4,ランポスの鱗,10
ギルドガードベスト蒼,1,2,6,1,6,6,1,25,56,0,0,0,0,0,采配,2,護石王,2,,,,,,,ギルドチケット,1,ポッケチケット,1,水竜の上ヒレ,4,ランポスの鱗,10
ギルドガードスーツ蒼,2,1,6,1,6,6,1,50,112,0,0,0,0,0,采配,2,護石王,2,,,,,,,ギルドチケット,1,ポッケチケット,1,水竜の上ヒレ,4,ランポスの鱗,10
ギルドガードベスト蒼,2,2,6,1,6,6,1,25,56,0,0,0,0,0,采配,2,護石王,2,,,,,,,ギルドチケット,1,ポッケチケット,1,水竜の上ヒレ,4,ランポスの鱗,10
ギルドガードスーツ紅,1,1,6,1,6,6,1,50,112,0,0,0,0,0,采配,2,剥ぎ取り,2,,,,,,,ギルドチケット,1,ポッケチケット,1,火竜の堅殻,4,イーオスの大皮,6
ギルドガードベスト紅,1,2,6,1,6,6,1,25,56,0,0,0,0,0,采配,2,剥ぎ取り,2,,,,,,,ギルドチケット,1,ポッケチケット,1,火竜の堅殻,4,イーオスの大皮,6
ギルドガードスーツ紅,2,1,6,1,6,6,1,50,112,0,0,0,0,0,采配,2,剥ぎ取り,2,,,,,,,ギルドチケット,1,ポッケチケット,1,火竜の堅殻,4,イーオスの大皮,6
ギルドガードベスト紅,2,2,6,1,6,6,1,25,56,0,0,0,0,0,采配,2,剥ぎ取り,2,,,,,,,ギルドチケット,1,ポッケチケット,1,火竜の堅殻,4,イーオスの大皮,6
ヘルパーＳスーツ,2,1,6,1,6,99,0,50,112,0,0,0,0,0,広域,3,回復量,2,,,,,,,ポッケチケット,1,ノヴァクリスタル,2,雪獅子の毛,3,鎌蟹の堅殻,4
ヒーラーＳベスト,2,2,6,1,6,99,0,25,56,0,0,0,0,0,回復量,2,広域,2,,,,,,,ポッケチケット,1,ノヴァクリスタル,2,雪獅子の毛,3,鎌蟹の堅殻,4
ヘルパーＵスーツ,2,1,6,0,6,99,0,50,112,0,0,0,0,0,広域,3,重撃,2,観察眼,2,,,,,ポッケチケット,1,ノヴァクリスタル,2,迅竜の黒毛,3,鎌蟹の堅殻,4
ヒーラーＵベスト,2,2,6,0,6,99,0,25,56,0,0,0,0,0,回復量,3,重撃,2,千里眼,2,,,,,ポッケチケット,1,ノヴァクリスタル,2,迅竜の黒毛,3,鎌蟹の堅殻,4
ギルドバードＳスーツ,1,1,6,1,6,99,0,50,112,0,0,0,0,0,号令,2,運気,2,,,,,,,ギルドチケット,1,龍歴院チケット,1,爆鎚竜の堅殻,4,カブレライト鉱石,5
ギルドバードＳベスト,1,2,6,1,6,99,0,25,56,0,0,0,0,0,号令,2,運気,2,,,,,,,ギルドチケット,1,龍歴院チケット,1,爆鎚竜の堅殻,4,カブレライト鉱石,5
三眼の首飾り,0,0,6,3,6,99,0,15,46,0,0,0,0,0,,,,,,,,,,,堅竜骨,2,ノヴァクリスタル,2,,,,
撫子・華【蝶袍】,2,1,6,0,7,99,0,50,112,0,0,0,0,0,無心,2,千里眼,2,観察眼,2,,,,,ユクモチケット,1,ユクモの堅木,2,炎戈竜の上皮,5,ノヴァクリスタル,2
桔梗・華【蝶袍】,2,2,6,0,7,99,0,25,56,0,0,0,0,0,無心,2,千里眼,2,観察眼,1,,,,,ユクモチケット,1,ユクモの堅木,2,炎戈竜の上皮,5,ノヴァクリスタル,2
エースメイル,1,1,6,0,8,99,0,50,112,0,0,0,0,0,斬れ味,2,剣術,2,気力回復,1,,,,,ベルナチケット,1,獰猛化毒怪鳥皮,1,重甲虫の円月尾,2,古龍の血,2
エースレジスト,1,2,6,0,8,99,0,25,56,0,0,0,0,0,装填数,2,弾薬節約,2,気力回復,1,,,,,ベルナチケット,1,獰猛化毒怪鳥皮,1,重甲虫の円月尾,2,古龍の血,2
クイーンメイル,2,1,6,0,8,99,0,50,112,0,0,0,0,0,斬れ味,2,剣術,2,気力回復,1,,,,,ベルナチケット,1,獰猛化毒怪鳥皮,1,重甲虫の円月尾,2,古龍の血,2
クイーンレジスト,2,2,6,0,8,99,0,25,56,0,0,0,0,0,装填数,2,弾薬節約,2,気力回復,1,,,,,ベルナチケット,1,獰猛化毒怪鳥皮,1,重甲虫の円月尾,2,古龍の血,2
ホークスーツ,1,1,6,0,7,6,1,50,112,0,0,0,0,0,体術,4,狂撃耐性,3,食事,1,,,,,ベルナチケット,1,上質な毛皮,2,黒蝕竜の上鱗,4,奇猿狐の剛毛,2
ホークベスト,1,2,6,0,7,6,1,25,56,0,0,0,0,0,体術,4,狂撃耐性,2,食事,1,,,,,ベルナチケット,1,上質な毛皮,2,黒蝕竜の上鱗,4,奇猿狐の剛毛,2
グルニャンＳスーツ,0,1,6,0,6,99,0,56,118,1,1,1,1,1,研ぎ師,2,スタミナ,2,回復量,2,,,,,獰猛化エキス,1,ビストロチケット,2,ココットチケット,1,巨獣の剛毛,4
グルニャンＳベスト,0,2,6,0,6,99,0,28,59,1,1,1,1,1,弾薬節約,2,スタミナ,2,回復量,2,,,,,獰猛化エキス,1,ビストロチケット,2,ココットチケット,1,巨獣の剛毛,4
サージュＳスーツ,0,1,6,1,6,99,0,50,112,0,0,0,0,0,捕獲,3,,,,,,,,,龍歴院チケット,1,雲羊鹿の毛玉,5,獰猛な爪,2,巨獣の剛毛,3
サージュＳベスト,0,2,6,1,6,99,0,25,56,0,0,0,0,0,捕獲,2,,,,,,,,,龍歴院チケット,1,雲羊鹿の毛玉,5,獰猛な爪,2,巨獣の剛毛,3
城塞遊撃隊【胴巻】,0,1,6,2,8,99,0,56,118,0,0,0,0,0,気力回復,3,跳躍,2,,,,,,,ギルドチケット,1,潜口竜の堅殻,5,電撃袋,4,草食竜の甲殻,8
城塞弓撃隊【胴巻】,0,2,6,2,8,99,0,28,59,0,0,0,0,0,気力回復,3,跳躍,2,,,,,,,ギルドチケット,1,潜口竜の堅殻,5,電撃袋,4,草食竜の甲殻,8
忍の装束・天,0,1,7,0,8,99,0,56,118,2,-1,2,-1,1,痛撃,3,気配,2,,,,,,,ギルドチケット,1,煌黒龍の翼膜,1,火竜の延髄,2,古龍の血,2
忍の装束・地,0,2,7,0,8,99,0,28,59,2,-1,2,-1,2,痛撃,3,気配,2,,,,,,,ギルドチケット,1,煌黒龍の翼膜,1,火竜の延髄,2,古龍の血,2
忍の装束・空,0,1,7,0,8,99,0,60,122,2,-1,2,-1,1,特殊会心,3,連撃,2,,,,,,,ギルドチケット,1,煌黒龍の翼膜,1,火竜の煌液,2,古龍の血,2
忍の装束・海,0,2,7,0,8,99,0,30,61,2,-1,2,-1,2,特殊会心,3,連撃,2,,,,,,,ギルドチケット,1,煌黒龍の翼膜,1,火竜の煌液,2,古龍の血,2
龍歴士メイル,0,1,7,0,7,6,1,66,128,2,2,-2,-2,2,寒冷適応,2,炎熱適応,2,研磨術,1,,,,,ベルナチケット,2,龍歴院チケット,2,勇気の証Ｇ,2,竜玉,1
龍歴士レジスト,0,2,7,0,7,6,1,33,64,2,2,-2,-2,3,寒冷適応,2,炎熱適応,2,研磨術,1,,,,,ベルナチケット,2,龍歴院チケット,2,勇気の証Ｇ,2,竜玉,1
マスターメイル,0,1,7,0,7,99,0,66,128,2,-2,2,-2,2,無心,2,英雄の盾,2,加護,1,,,,,ココットチケット,2,勇気の証Ｇ,2,いにしえの龍骨,3,竜玉,1
マスターレジスト,0,2,7,0,7,99,0,33,64,3,-2,2,-2,2,無心,2,英雄の盾,2,加護,1,,,,,ココットチケット,2,勇気の証Ｇ,2,いにしえの龍骨,3,竜玉,1
ブラックＳハイド,0,1,7,1,8,99,0,66,128,2,2,2,2,-5,属性耐性,2,抜刀会心,2,溜め短縮,1,,,,,発光する上粘液,2,ポッケチケット,2,黒い塊,2,いにしえの龍骨,3
ブラックＳスキン,0,2,7,1,8,99,0,33,64,2,2,2,3,-5,属性耐性,2,貫通弾強化,2,溜め短縮,1,,,,,発光する上粘液,2,ポッケチケット,2,黒い塊,2,いにしえの龍骨,3
桐花【胴当て】,0,1,7,0,8,99,0,66,128,-2,2,2,2,-2,連撃,2,属性会心,2,会心強化,1,,,,,ユクモチケット,2,足湯チケット,1,希望の証Ｇ,2,古龍の浄血,1
三葵【胴当て】,0,2,7,0,8,99,0,33,64,-2,2,3,2,-2,連撃,2,属性会心,2,会心強化,1,,,,,ユクモチケット,2,足湯チケット,1,希望の証Ｇ,2,古龍の浄血,1
EXレイアＳメイル,0,1,7,0,8,99,0,64,126,4,0,-3,0,-4,ガード性能,3,ガード強化,2,根性,2,,,,,EX火竜チケットＳ,1,雌火竜の上鱗,5,雌火竜の棘,3,ユニオン鉱石,4
EXレイアＳレジスト,0,2,7,0,8,99,0,32,63,6,0,-3,0,-4,ガード性能,3,ガード強化,2,根性,2,,,,,EX火竜チケットＳ,1,雌火竜の上鱗,5,雌火竜の棘,3,ユニオン鉱石,4
EXレウスＳメイル,0,1,7,1,8,99,0,64,126,5,0,-4,0,-4,痛撃,3,炎熱適応,2,攻撃,1,,,,,EX火竜チケットＳ,1,火竜の上鱗,5,火竜の尻尾,3,ユニオン鉱石,4
EXレウスＳレジスト,0,2,7,1,8,99,0,32,63,6,0,-4,0,-4,痛撃,3,炎熱適応,2,攻撃,1,,,,,EX火竜チケットＳ,1,火竜の上鱗,5,火竜の尻尾,3,ユニオン鉱石,4
EXレックスＳメイル,0,1,7,0,8,6,1,64,126,2,0,-4,0,-3,スタミナ,4,体術,2,気力回復,1,,,,,EX轟竜チケットＳ,1,轟竜の尖爪,5,轟竜の牙,6,重甲虫の鋭爪,4
EXレックスＳレジスト,0,2,7,0,8,6,1,32,63,4,0,-4,0,-3,スタミナ,4,体術,2,気力回復,1,,,,,EX轟竜チケットＳ,1,轟竜の尖爪,5,轟竜の牙,6,重甲虫の鋭爪,4
アークＳメイル,1,1,7,0,7,99,0,68,130,-2,2,0,2,-4,匠,2,節食,2,無傷,1,,,,,天廻龍の上鱗,3,天廻龍の上虹翼,2,純白の龍鱗,1,ユニオン鉱石,3
アークＳレジスト,1,2,7,0,7,99,0,34,65,-2,2,0,2,-3,通常弾強化,2,節食,2,無傷,1,,,,,天廻龍の上鱗,3,天廻龍の上虹翼,2,純白の龍鱗,1,ユニオン鉱石,3
フィリアＳメイル,2,1,7,0,7,99,0,68,130,-2,2,0,2,-4,匠,2,節食,2,無傷,1,,,,,天廻龍の上鱗,3,天廻龍の上虹翼,2,純白の龍鱗,1,ユニオン鉱石,3
フィリアＳレジスト,2,2,7,0,7,99,0,34,65,-2,2,0,2,-3,通常弾強化,2,節食,2,無傷,1,,,,,天廻龍の上鱗,3,天廻龍の上虹翼,2,純白の龍鱗,1,ユニオン鉱石,3
EXアークメイル,1,1,7,0,7,6,1,72,134,-2,2,0,2,-4,ガード性能,3,節食,2,チャンス,1,,,,,EX天廻龍チケット,1,天廻龍の堅殻,5,天廻龍の虹翼,4,黒蝕竜の尖触角,2
EXアークレジスト,1,2,7,0,7,6,1,36,67,-2,2,0,2,-3,反動,3,節食,2,チャンス,1,,,,,EX天廻龍チケット,1,天廻龍の堅殻,5,天廻龍の虹翼,4,黒蝕竜の尖触角,2
EXフィリアメイル,2,1,7,0,7,6,1,72,134,-2,2,0,2,-4,ガード性能,3,節食,2,チャンス,1,,,,,EX天廻龍チケット,1,天廻龍の堅殻,5,天廻龍の虹翼,4,黒蝕竜の尖触角,2
EXフィリアレジスト,2,2,7,0,7,6,1,36,67,-2,2,0,2,-3,反動,3,節食,2,チャンス,1,,,,,EX天廻龍チケット,1,天廻龍の堅殻,5,天廻龍の虹翼,4,黒蝕竜の尖触角,2
アークＲメイル,1,1,7,1,8,99,0,64,126,-2,2,0,2,-4,無傷,3,,,,,,,,,獰猛な蝕龍鱗,1,天廻龍の堅殻,5,獰猛化黒蝕竜鱗,1,天廻龍素材(pts),8
アークＲレジスト,1,2,7,1,8,99,0,32,63,-2,2,0,2,-3,無傷,3,,,,,,,,,獰猛な蝕龍鱗,1,天廻龍の堅殻,5,獰猛化黒蝕竜鱗,1,天廻龍素材(pts),8
フィリアＲメイル,2,1,7,1,8,99,0,64,126,-2,2,0,2,-4,無傷,3,,,,,,,,,獰猛な蝕龍鱗,1,天廻龍の堅殻,5,獰猛化黒蝕竜鱗,1,天廻龍素材(pts),8
フィリアＲレジスト,2,2,7,1,8,99,0,32,63,-2,2,0,2,-3,無傷,3,,,,,,,,,獰猛な蝕龍鱗,1,天廻龍の堅殻,5,獰猛化黒蝕竜鱗,1,天廻龍素材(pts),8
クシャナＳディール,0,1,7,0,8,99,0,72,134,-1,2,-2,3,-3,匠,2,耐暑,1,毒,-2,,,,,鋼龍の堅殻,2,鋼龍の翼膜,2,カブレライト鉱石,4,古龍の血,2
クシャナＳバダル,0,2,7,0,8,99,0,36,67,-1,2,-2,5,-3,速射,2,耐暑,1,毒,-2,,,,,鋼龍の堅殻,2,鋼龍の翼膜,2,カブレライト鉱石,4,古龍の血,2
EXクシャナディール,0,1,7,0,8,99,0,76,138,-1,2,-2,3,-3,連撃,4,ガード性能,2,跳躍,1,,,,,EX鋼龍チケット,1,鋼龍の堅殻,5,鋼龍の尖角,2,鋼龍素材(pts),8
EXクシャナバダル,0,2,7,0,8,99,0,38,69,-1,2,-2,5,-3,連撃,4,装填速度,2,跳躍,1,,,,,EX鋼龍チケット,1,鋼龍の堅殻,5,鋼龍の尖角,2,鋼龍素材(pts),8
クシャナＲディール,0,1,7,0,8,99,0,68,130,-1,2,-2,3,-3,炎熱適応,4,毒,-4,,,,,,,古龍の浄血,1,獰猛な氷塊,2,鋼龍の堅殻,6,獰猛化素材(上位pts),8
クシャナＲバダル,0,2,7,0,8,99,0,34,65,-1,2,-2,5,-3,炎熱適応,4,毒,-4,,,,,,,古龍の浄血,1,獰猛な氷塊,2,鋼龍の堅殻,6,獰猛化素材(上位pts),8
ミヅハ覇【胸当て】,0,1,7,0,8,99,0,56,118,-5,1,0,2,-3,風圧,3,聴覚保護,2,特殊攻撃,2,,,,,霞龍の上皮,2,霞龍の翼膜,3,獄炎石,2,ノヴァクリスタル,2
トヨタマ覇【胸当て】,0,2,7,0,8,99,0,28,59,-4,1,0,2,-3,聴覚保護,2,風圧,2,特殊攻撃,2,,,,,霞龍の上皮,2,霞龍の翼膜,3,獄炎石,2,ノヴァクリスタル,2
EXミヅハ【胸当て】,0,1,7,0,8,99,0,60,122,-5,1,0,2,-3,聴覚保護,3,笛,2,茸食,1,,,,,EX霞龍チケット,1,霞龍の上皮,5,霞龍の尖角,4,,
EXトヨタマ【胸当て】,0,2,7,0,8,99,0,30,61,-4,1,0,2,-3,聴覚保護,3,気配,2,茸食,1,,,,,EX霞龍チケット,1,霞龍の上皮,5,霞龍の尖角,4,,
カイザーＳメイル,0,1,7,0,8,99,0,66,128,4,-4,1,-1,-3,毒,2,気力回復,2,闘魂,2,,,,,炎龍の塵粉,2,炎王龍の堅殻,3,獄炎石,3,古龍の血,3
カイザーＳレジスト,0,2,7,0,8,99,0,33,64,4,-3,1,-1,-3,毒,2,気力回復,2,闘魂,2,,,,,炎龍の塵粉,2,炎王龍の堅殻,3,獄炎石,3,古龍の血,3
EXカイザーメイル,0,1,7,0,8,99,0,70,132,4,-4,1,-1,-3,達人,4,聴覚保護,2,回避性能,1,,,,,EX炎王龍チケット,1,炎王龍の堅殻,5,炎王龍の尖角,4,,
EXカイザーレジスト,0,2,7,0,8,99,0,35,66,4,-3,1,-1,-3,達人,4,聴覚保護,2,回避性能,1,,,,,EX炎王龍チケット,1,炎王龍の堅殻,5,炎王龍の尖角,4,,
シルバーソルメイル,0,1,7,0,7,99,0,66,128,2,-6,-4,0,4,会心強化,3,痛撃,1,気絶,-2,,,,,銀火竜の堅殻,4,銀火竜の上鱗,4,火竜の翼,2,堅竜骨,3
シルバーソルレジスト,0,2,7,0,7,99,0,33,64,2,-5,-4,0,4,会心強化,3,痛撃,1,気絶,-2,,,,,銀火竜の堅殻,4,銀火竜の上鱗,4,火竜の翼,2,堅竜骨,3
EXＳ・ソルメイル,0,1,7,0,8,99,0,70,132,2,-6,-4,0,4,剥ぎ取り,2,護石王,1,剣術,-3,,,,,EX銀火竜チケット,1,銀火竜の上鱗,5,火竜の翼膜,8,,
EXＳ・ソルレジスト,0,2,7,0,8,99,0,35,66,2,-5,-4,0,4,剥ぎ取り,2,護石王,1,精密射撃,-3,,,,,EX銀火竜チケット,1,銀火竜の上鱗,5,火竜の翼膜,8,,
Ｓ・ソルＲメイル,0,1,7,0,8,99,0,62,124,2,-6,-4,0,4,匠,4,斬れ味,-4,,,,,,,獰猛化銀火竜鱗,1,銀火竜の上鱗,5,火竜の煌液,4,獰猛化素材(上位pts),8
Ｓ・ソルＲレジスト,0,2,7,0,8,99,0,31,62,2,-5,-4,0,4,装填数,4,調合成功率,-4,,,,,,,獰猛化銀火竜鱗,1,銀火竜の上鱗,5,火竜の煌液,4,獰猛化素材(上位pts),8
ゴールドルナメイル,0,1,7,0,7,99,0,64,126,2,-4,-6,0,4,加護,4,効果持続,3,節食,2,,,,,金火竜の上鱗,4,火竜の延髄,1,雌火竜の棘,2,ユニオン鉱石,4
ゴールドルナレジスト,0,2,7,0,7,99,0,32,63,2,-4,-5,0,4,加護,4,効果持続,3,節食,2,,,,,金火竜の上鱗,4,火竜の延髄,1,雌火竜の棘,2,ユニオン鉱石,4
EXＧ・ルナメイル,0,1,7,0,8,99,0,68,130,2,-4,-6,0,4,運気,3,護石王,1,体力,-3,,,,,EX金火竜チケット,1,金火竜の上鱗,5,雌火竜の翼膜,8,,
EXＧ・ルナレジスト,0,2,7,0,8,99,0,34,65,2,-4,-5,0,4,運気,3,護石王,1,体力,-3,,,,,EX金火竜チケット,1,金火竜の上鱗,5,雌火竜の翼膜,8,,
怒天ノ羽織,0,1,7,1,8,99,0,70,132,2,1,3,-6,2,斬れ味,3,無心,1,気配,-4,,,,,金獅子の怒髪,3,金獅子の闘魂,1,金獅子の鋭牙,2,金火竜の上鱗,2
心滅ノ装束,0,2,7,1,8,99,0,35,66,2,1,3,-5,2,気配,4,弾薬節約,3,無心,1,,,,,金獅子の怒髪,3,金獅子の闘魂,1,金獅子の鋭牙,2,金火竜の上鱗,2
グリードメイル,0,1,7,0,8,99,0,70,132,-2,-2,-5,-2,-2,匠,3,斬れ味,1,腹減り,-3,,,,,歴戦の漆黒皮,4,恐暴竜の鉤爪,4,恐暴竜の大牙,2,古龍の浄血,1
グリードレジスト,0,2,7,1,8,99,0,35,66,-2,-2,-4,-2,-2,通常弾強化,2,射法,1,腹減り,-3,,,,,歴戦の漆黒皮,4,恐暴竜の鉤爪,4,恐暴竜の大牙,2,古龍の浄血,1
グリードＲメイル,0,1,7,2,8,99,0,66,128,-2,-2,-5,-2,-2,匠,2,,,,,,,,,獰猛化恐暴竜鱗,1,ドス黒い血,4,恐暴竜の黒鱗,6,獰猛化素材(上位pts),8
グリードＲレジスト,0,2,7,2,8,99,0,33,64,-2,-2,-4,-2,-2,通常弾強化,2,,,,,,,,,獰猛化恐暴竜鱗,1,ドス黒い血,4,恐暴竜の黒鱗,6,獰猛化素材(上位pts),8
アカムトウルンテ,0,1,7,0,8,99,0,74,136,4,0,-3,2,-5,聴覚保護,3,剣術,2,鈍器,1,,,,,覇竜の大牙,2,覇竜の大棘,2,覇竜の上鱗,4,赤熱した堅胸殻,4
アカムトウルンペ,0,2,7,0,8,99,0,37,68,4,0,-3,2,-4,聴覚保護,3,貫通弾強化,2,精密射撃,1,,,,,覇竜の大牙,2,覇竜の大棘,2,覇竜の上鱗,4,赤熱した堅胸殻,4
アカムトＲウルンテ,0,1,7,0,8,99,0,70,132,4,0,-3,2,-5,聴覚保護,5,剣術,1,,,,,,,大竜結晶,1,獰猛な炎鱗,2,覇竜の大牙,5,獰猛化素材(上位pts),8
アカムトＲウルンペ,0,2,7,0,8,99,0,35,66,4,0,-3,2,-4,聴覚保護,5,装填数,1,,,,,,,大竜結晶,1,獰猛な炎鱗,2,覇竜の大牙,5,獰猛化素材(上位pts),8
ウカムルウルンテ,0,1,7,0,8,99,0,80,142,-4,0,-3,4,-2,攻撃,4,斬れ味,2,回復量,2,,,,,崩竜の上ヒレ,4,崩竜の削顎,2,崩竜の堅殻,4,雪甲大塊,4
ウカムルウルンペ,0,2,7,0,8,99,0,40,71,-4,0,-3,4,-2,攻撃,4,散弾強化,2,回復量,2,,,,,崩竜の上ヒレ,4,崩竜の削顎,2,崩竜の堅殻,4,雪甲大塊,4
荒天【衣】,0,1,7,0,8,99,0,70,132,-3,4,0,0,-5,回避性能,2,本気,2,研ぎ師,-2,,,,,嵐龍の胸殻,5,嵐龍の堅殻,5,嵐気胞,2,高級なトサカ,3
蒼天【衣】,0,2,7,0,8,99,0,35,66,-3,5,0,0,-5,回避性能,2,本気,2,精密射撃,-2,,,,,嵐龍の胸殻,5,嵐龍の堅殻,5,嵐気胞,2,高級なトサカ,3
荒天亜流【衣】,0,1,7,0,8,99,0,66,128,-3,4,0,0,-5,本気,5,研ぎ師,-2,,,,,,,嵐龍の胸殻,6,獰猛な水袋,2,古龍の浄血,1,獰猛化素材(上位pts),8
蒼天亜流【衣】,0,2,7,0,8,99,0,33,64,-3,5,0,0,-5,本気,5,精密射撃,-2,,,,,,,嵐龍の胸殻,6,獰猛な水袋,2,古龍の浄血,1,獰猛化素材(上位pts),8
骸装甲・覇【胸骨】,0,1,7,1,8,99,0,70,132,-1,-1,-1,-1,-2,窮地,2,逆上,1,回復速度,-3,,,,,堅骸体殻,3,発光する上粘液,1,骸頭骨,4,堅牢な骨,5
屍装甲・覇【胸骨】,0,2,7,1,8,99,0,35,66,-1,-1,-1,-1,-1,窮地,2,逆上,1,回復速度,-3,,,,,堅骸体殻,3,発光する上粘液,1,骸頭骨,4,堅牢な骨,5
アスリスタスーツ,0,1,7,1,8,99,0,70,132,0,2,1,1,-4,チャンス,2,無心,1,気まぐれ,-2,,,,,骸龍の青斑皮,4,骸龍の烏賊骨,3,発光する上粘液,1,絞蛇竜の骨髄,2
アスリスタベスト,0,2,7,1,8,99,0,35,66,0,2,1,1,-3,チャンス,2,無心,1,気まぐれ,-2,,,,,骸龍の青斑皮,4,骸龍の烏賊骨,3,発光する上粘液,1,絞蛇竜の骨髄,2
エスカドラソウル,0,1,7,0,8,99,0,76,138,0,0,0,0,-4,属性攻撃,2,属性会心,2,属性耐性,1,,,,,煌黒龍の堅逆殻,4,煌黒龍の尖爪,4,砕けた天角,3,潜口竜の頭殻,3
エスカドラゼーレ,0,2,7,0,8,99,0,38,69,0,0,0,0,-4,属性攻撃,2,属性会心,2,属性耐性,1,,,,,煌黒龍の堅逆殻,4,煌黒龍の尖爪,4,砕けた天角,3,潜口竜の頭殻,3
エスカドラＲソウル,0,1,7,0,8,99,0,72,134,0,0,0,0,-4,属性耐性,4,属性会心,2,,,,,,,煌黒龍の堅逆殻,5,獰猛な蝕龍鱗,2,古龍の浄血,1,獰猛化素材(上位pts),8
エスカドラＲゼーレ,0,2,7,0,8,99,0,36,67,0,0,0,0,-4,属性耐性,4,属性会心,2,,,,,,,煌黒龍の堅逆殻,5,獰猛な蝕龍鱗,2,古龍の浄血,1,獰猛化素材(上位pts),8
異形メイル,0,1,5,0,4,99,0,44,106,1,1,1,1,3,体力,3,笛,2,重撃,1,,,,,異形の骨,1,大雪主の毛,3,堅牢な骨,3,毒袋,5
異形レジスト,0,2,5,0,4,99,0,22,53,2,2,2,2,3,体力,3,笛,2,重撃,1,,,,,異形の骨,1,大雪主の毛,3,堅牢な骨,3,毒袋,5
LV1 紅兜メイル,0,1,X,0,2,2,1,26,48,-2,2,1,-1,0,体術,3,,,,,,,,,紅兜狩猟の証１,1,紅兜の毛,3,青熊獣の毛,5,大きな骨,4
LV1 紅兜レジスト,0,2,X,0,2,2,1,13,24,-2,3,1,-1,0,体術,3,,,,,,,,,紅兜狩猟の証１,1,紅兜の毛,3,青熊獣の毛,5,大きな骨,4
LV6 紅兜メイル,0,1,X,0,6,2,1,54,116,-2,2,1,-1,0,体術,3,防御,2,紅兜,1,,,,,紅兜狩猟の証６,1,紅兜の毛,2,,,,
LV6 紅兜レジスト,0,2,X,0,6,2,1,27,58,-2,3,1,-1,0,体術,3,防御,2,紅兜,1,,,,,紅兜狩猟の証６,1,紅兜の毛,2,,,,
LV1 大雪主メイル,0,1,X,0,2,99,0,22,44,-4,3,-2,4,0,回復速度,3,,,,,,,,,大雪主狩猟の証１,1,大雪主の腹甲,2,白兎獣の毛,5,大きな骨,4
LV1 大雪主レジスト,0,2,X,0,2,99,0,11,22,-4,3,-2,5,0,回復速度,3,,,,,,,,,大雪主狩猟の証１,1,大雪主の腹甲,2,白兎獣の毛,5,大きな骨,4
LV6 大雪主メイル,0,1,X,0,6,99,0,50,112,-4,3,-2,4,0,回復速度,3,跳躍,2,大雪主,1,,,,,大雪主狩猟の証６,1,大雪主の腹甲,2,,,,
LV6 大雪主レジスト,0,2,X,0,6,99,0,25,56,-4,3,-2,5,0,回復速度,3,跳躍,2,大雪主,1,,,,,大雪主狩猟の証６,1,大雪主の腹甲,2,,,,
LV1 矛砕メイル,0,1,X,0,2,99,0,30,52,0,4,-4,0,0,窮地,2,,,,,,,,,矛砕狩猟の証１,1,矛砕の甲殻,3,黒真珠,3,竜骨【大】,4
LV1 矛砕レジスト,0,2,X,0,2,99,0,15,26,0,5,-4,0,0,窮地,2,,,,,,,,,矛砕狩猟の証１,1,矛砕の甲殻,3,黒真珠,3,竜骨【大】,4
LV6 矛砕メイル,0,1,X,0,6,99,0,58,120,0,4,-4,0,0,窮地,2,泡沫,1,矛砕,1,,,,,矛砕狩猟の証６,1,矛砕の爪,2,,,,
LV6 矛砕レジスト,0,2,X,0,6,99,0,29,60,0,5,-4,0,0,窮地,2,泡沫,1,矛砕,1,,,,,矛砕狩猟の証６,1,矛砕の爪,2,,,,
LV1 紫毒姫メイル,0,1,X,0,2,99,0,30,52,4,0,-1,0,-3,達人,3,,,,,,,,,紫毒姫狩猟の証１,1,紫毒姫の鱗,3,雌火竜の甲殻,5,異形の骨,2
LV1 紫毒姫レジスト,0,2,X,0,2,99,0,15,26,4,1,-1,1,-3,達人,3,,,,,,,,,紫毒姫狩猟の証１,1,紫毒姫の鱗,3,雌火竜の甲殻,5,異形の骨,2
LV6 紫毒姫メイル,0,1,X,0,7,99,0,58,120,4,0,-1,0,-3,達人,3,特殊会心,2,紫毒姫,1,,,,,紫毒姫狩猟の証６,1,紫毒姫の甲殻,2,,,,
LV6 紫毒姫レジスト,0,2,X,0,7,99,0,29,60,4,1,-1,1,-3,達人,3,特殊会心,2,紫毒姫,1,,,,,紫毒姫狩猟の証６,1,紫毒姫の甲殻,2,,,,
LV1 岩穿メイル,0,1,X,0,4,99,0,52,72,3,-3,-2,0,0,ガード性能,3,,,,,,,,,岩穿狩猟の証１,1,岩穿の鱗,2,鬼蛙の堅殻,4,異形の骨,2
LV1 岩穿レジスト,0,2,X,0,4,99,0,26,36,4,-3,-2,1,1,装填速度,3,,,,,,,,,岩穿狩猟の証１,1,岩穿の鱗,2,鬼蛙の堅殻,4,異形の骨,2
LV6 岩穿メイル,0,1,X,0,6,99,0,76,106,3,-3,-2,0,0,ガード性能,3,痛撃,1,岩穿,1,,,,,岩穿狩猟の証６,1,岩穿の鱗,2,,,,
LV6 岩穿レジスト,0,2,X,0,6,99,0,38,53,4,-3,-2,1,1,装填速度,3,痛撃,1,岩穿,1,,,,,岩穿狩猟の証６,1,岩穿の鱗,2,,,,
LV1 白疾風メイル,0,1,X,0,5,2,1,44,64,-2,1,-3,0,0,会心強化,2,,,,,,,,,白疾風狩猟の証１,1,白疾風の鱗,3,迅竜の鋭牙,4,異形の骨,2
LV1 白疾風レジスト,0,2,X,0,5,2,1,22,32,-2,1,-3,1,1,会心強化,2,,,,,,,,,白疾風狩猟の証１,1,白疾風の鱗,3,迅竜の鋭牙,4,異形の骨,2
LV6 白疾風メイル,0,1,X,0,7,2,1,68,98,-2,1,-3,0,0,会心強化,2,回避距離,2,白疾風,1,,,,,白疾風狩猟の証６,1,白疾風の黒毛,2,,,,
LV6 白疾風レジスト,0,2,X,0,7,2,1,34,49,-2,1,-3,1,1,会心強化,2,回避距離,2,白疾風,1,,,,,白疾風狩猟の証６,1,白疾風の黒毛,2,,,,
LV1 宝纏メイル,0,1,X,0,5,99,0,70,90,4,-4,1,1,-2,運気,3,,,,,,,,,宝纏狩猟の証１,1,宝纏の宝顎,1,爆鎚竜の顎,4,異形の骨,2
LV1 宝纏レジスト,0,2,X,0,5,99,0,35,45,5,-4,1,1,-2,運気,3,,,,,,,,,宝纏狩猟の証１,1,宝纏の宝顎,1,爆鎚竜の顎,4,異形の骨,2
LV6 宝纏メイル,0,1,X,0,7,99,0,94,124,4,-4,1,1,-2,運気,3,チャンス,1,宝纏,1,,,,,宝纏狩猟の証６,1,宝纏の宝顎,2,,,,
LV6 宝纏レジスト,0,2,X,0,7,99,0,47,62,5,-4,1,1,-2,運気,3,チャンス,1,宝纏,1,,,,,宝纏狩猟の証６,1,宝纏の宝顎,2,,,,
LV1 隻眼メイル,0,1,X,0,5,99,0,66,86,2,-4,2,-2,0,連撃,2,,,,,,,,,隻眼狩猟の証１,1,隻眼の鱗,4,黒狼鳥の堅殻,5,尖竜骨,4
LV1 隻眼レジスト,0,2,X,0,5,99,0,33,43,3,-4,3,-2,0,連撃,2,,,,,,,,,隻眼狩猟の証１,1,隻眼の鱗,4,黒狼鳥の堅殻,5,尖竜骨,4
LV6 隻眼メイル,0,1,X,0,7,99,0,90,120,2,-4,2,-2,0,連撃,2,根性,1,隻眼,1,,,,,隻眼狩猟の証６,1,隻眼の甲殻,2,,,,
LV6 隻眼レジスト,0,2,X,0,7,99,0,45,60,3,-4,3,-2,0,連撃,2,根性,1,隻眼,1,,,,,隻眼狩猟の証６,1,隻眼の甲殻,2,,,,
LV1 黒炎王メイル,0,1,X,0,6,99,0,68,88,5,0,-2,0,-3,聴覚保護,3,,,,,,,,,黒炎王狩猟の証１,1,黒炎王の鱗,3,火竜の翼,4,堅竜骨,4
LV1 黒炎王レジスト,0,2,X,0,6,99,0,34,44,5,1,-2,1,-3,聴覚保護,3,,,,,,,,,黒炎王狩猟の証１,1,黒炎王の鱗,3,火竜の翼,4,堅竜骨,4
LV6 黒炎王メイル,0,1,X,0,7,99,0,92,122,5,0,-2,0,-3,聴覚保護,3,痛撃,1,黒炎王,1,,,,,黒炎王狩猟の証６,1,黒炎王の堅殻,2,,,,
LV6 黒炎王レジスト,0,2,X,0,7,99,0,46,61,5,1,-2,1,-3,聴覚保護,3,痛撃,1,黒炎王,1,,,,,黒炎王狩猟の証６,1,黒炎王の堅殻,2,,,,
LV1 金雷公メイル,0,1,X,0,6,99,0,68,88,0,0,4,-3,1,狂撃耐性,2,,,,,,,,,金雷公狩猟の証１,1,金雷公の帯電毛,2,雷狼竜の高電殻,5,堅竜骨,4
LV1 金雷公レジスト,0,2,X,0,6,99,0,34,44,0,0,5,-3,1,狂撃耐性,2,,,,,,,,,金雷公狩猟の証１,1,金雷公の帯電毛,2,雷狼竜の高電殻,5,堅竜骨,4
LV6 金雷公メイル,0,1,X,0,7,99,0,92,122,0,0,4,-3,1,狂撃耐性,2,スタミナ,2,金雷公,1,,,,,金雷公狩猟の証６,1,金雷公の甲殻,2,,,,
LV6 金雷公レジスト,0,2,X,0,7,99,0,46,61,0,0,5,-3,1,狂撃耐性,2,スタミナ,2,金雷公,1,,,,,金雷公狩猟の証６,1,金雷公の甲殻,2,,,,
LV1 荒鉤爪メイル,0,1,X,0,6,99,0,70,90,2,1,-4,1,-2,重撃,2,,,,,,,,,荒鉤爪狩猟の証１,1,荒鉤爪の蒼爪,2,轟竜の堅殻,6,異形の骨,2
LV1 荒鉤爪レジスト,0,2,X,0,6,99,0,35,45,3,1,-4,1,-2,重撃,2,,,,,,,,,荒鉤爪狩猟の証１,1,荒鉤爪の蒼爪,2,轟竜の堅殻,6,異形の骨,2
LV6 荒鉤爪メイル,0,1,X,0,7,99,0,94,124,2,1,-4,1,-2,重撃,2,抜刀会心,1,荒鉤爪,1,,,,,荒鉤爪狩猟の証６,1,荒鉤爪の鱗,2,,,,
LV6 荒鉤爪レジスト,0,2,X,0,7,99,0,47,62,3,1,-4,1,-2,重撃,2,通常弾強化,1,荒鉤爪,1,,,,,荒鉤爪狩猟の証６,1,荒鉤爪の鱗,2,,,,
LV1 燼滅刃メイル,0,1,X,0,6,99,0,70,90,4,-3,1,-2,0,研磨術,2,,,,,,,,,燼滅刃狩猟の証１,1,燼滅刃の鱗,3,赤熱した紅焔嚢,4,異形の骨,2
LV1 燼滅刃レジスト,0,2,X,0,6,99,0,35,45,4,-3,1,-2,0,研磨術,2,,,,,,,,,燼滅刃狩猟の証１,1,燼滅刃の鱗,3,赤熱した紅焔嚢,4,異形の骨,2
LV6 燼滅刃メイル,0,1,X,0,7,99,0,94,124,4,-3,1,-2,0,研磨術,2,加護,2,燼滅刃,1,,,,,燼滅刃狩猟の証６,1,燼滅刃の鱗,2,,,,
LV6 燼滅刃レジスト,0,2,X,0,7,99,0,47,62,4,-3,1,-2,0,研磨術,2,加護,2,燼滅刃,1,,,,,燼滅刃狩猟の証６,1,燼滅刃の鱗,2,,,,
ニセたま胴タイツ,0,1,3,0,1,99,0,18,80,2,1,0,0,0,スタミナ,2,笛,2,運搬,2,,,,,ぐでぐでとした卵,1,赤熱した火炎嚢,1,鋼のたまご,1,海綿質の皮,3
ニセたま胴スーツ,0,2,3,0,1,99,0,9,40,3,1,0,0,0,スタミナ,2,笛,2,運搬,2,,,,,ぐでぐでとした卵,1,赤熱した火炎嚢,1,鋼のたまご,1,海綿質の皮,3
瑞星【胴当て】,1,1,3,0,2,99,0,24,86,1,1,1,1,1,スタミナ,2,本気,2,気絶,-2,,,,,スタジオパス,1,斬竜の炎状殻,3,斬竜の甲殻,4,鎌蟹の甲殻,3
景星【胴当て】,1,2,3,0,2,99,0,12,43,2,2,2,2,2,スタミナ,2,本気,2,気絶,-2,,,,,スタジオパス,1,斬竜の炎状殻,3,斬竜の甲殻,4,鎌蟹の甲殻,3
夢見【衣】,2,1,3,1,2,99,0,24,86,1,1,1,1,1,本気,3,スタミナ,2,連撃,1,,,,,スタジオパス,1,斬竜の炎状殻,3,斬竜の甲殻,4,鎌蟹の甲殻,3
夢語【衣】,2,2,3,1,2,99,0,12,43,2,2,2,2,2,本気,3,連撃,1,スタミナ,1,,,,,スタジオパス,1,斬竜の炎状殻,3,斬竜の甲殻,4,鎌蟹の甲殻,3
ニセたまＳ胴タイツ,0,1,4,0,4,99,0,32,94,2,1,0,0,0,スタミナ,2,笛,2,運気,2,,,,,ぐでぐでとした卵,2,海綿質の上皮,3,銀のたまご,1,爆炎袋,2
ニセたまＳ胴スーツ,0,2,4,0,4,99,0,16,47,3,1,0,0,0,スタミナ,2,笛,2,運気,2,,,,,ぐでぐでとした卵,2,海綿質の上皮,3,銀のたまご,1,爆炎袋,2
Ｘガムートジャケット,0,1,5,0,4,99,0,44,106,0,0,0,3,0,狩人,5,寒冷適応,3,,,,,,,モンハン部入部届,1,イーオスの大上皮,2,巨獣の毛,5,ゲネポスの大上皮,5
Ｘガムートジャージ,0,2,5,0,4,99,0,22,53,0,0,0,4,0,狩人,5,寒冷適応,3,,,,,,,モンハン部入部届,1,イーオスの大上皮,2,巨獣の毛,5,ゲネポスの大上皮,5
Ｘミツネジャケット,0,1,5,0,4,99,0,44,106,0,3,0,0,0,狩人,5,泡沫,3,,,,,,,モンハン部入部届,1,イーオスの大上皮,2,泡狐竜の鱗,5,イーオスの上紫鱗,3
Ｘミツネジャージ,0,2,5,0,4,99,0,22,53,0,4,0,0,0,狩人,5,泡沫,3,,,,,,,モンハン部入部届,1,イーオスの大上皮,2,泡狐竜の鱗,5,イーオスの上紫鱗,3
Ｘディノジャケット,0,1,5,0,4,99,0,44,106,3,0,0,0,0,狩人,5,研磨術,3,,,,,,,モンハン部入部届,1,イーオスの大上皮,2,斬竜の鱗,5,跳狗竜の上赤皮,5
Ｘディノジャージ,0,2,5,0,4,99,0,22,53,4,0,0,0,0,狩人,5,研磨術,3,,,,,,,モンハン部入部届,1,イーオスの大上皮,2,斬竜の鱗,5,跳狗竜の上赤皮,5
Ｘゼクスジャケット,0,1,5,0,4,99,0,44,106,0,0,3,0,0,狩人,5,連撃,3,,,,,,,モンハン部入部届,1,イーオスの大上皮,2,電竜の鱗,5,ランポスの大上皮,5
Ｘゼクスジャージ,0,2,5,0,4,99,0,22,53,0,0,4,0,0,狩人,5,連撃,3,,,,,,,モンハン部入部届,1,イーオスの大上皮,2,電竜の鱗,5,ランポスの大上皮,5
坊屋ジャケット,0,1,5,0,4,99,0,50,112,2,2,2,2,2,攻撃,5,気配,-5,,,,,,,クローズコイン,1,黒狼鳥の上鱗,4,跳狗竜の上赤皮,4,鳥竜玉,3
坊屋ジャンパー,0,2,5,0,4,99,0,25,56,3,3,3,3,3,攻撃,5,気配,-5,,,,,,,クローズコイン,1,黒狼鳥の上鱗,4,跳狗竜の上赤皮,4,鳥竜玉,3
武装戦線ジャケット,0,1,5,0,5,99,0,50,112,2,2,2,2,2,逆境,10,,,,,,,,,クローズコイン,1,黒狼鳥の上鱗,4,迅竜の上黒毛,2,上質な毛皮,4
武装戦線ライダース,0,2,5,0,5,99,0,25,56,3,3,3,3,3,逆境,10,,,,,,,,,クローズコイン,1,黒狼鳥の上鱗,4,迅竜の上黒毛,2,上質な毛皮,4
狩猟戦線ジャケット,0,1,5,0,5,99,0,50,112,2,2,2,2,2,逆境,10,,,,,,,,,モンハン部認定証,1,翼蛇竜の上皮,5,化け鮫の上皮,3,ユニオン鉱石,3
狩猟戦線ライダース,0,2,5,0,5,99,0,25,56,3,3,3,3,3,逆境,10,,,,,,,,,モンハン部認定証,1,翼蛇竜の上皮,5,化け鮫の上皮,3,ユニオン鉱石,3
海賊Ｊスーツ,0,1,6,0,6,99,0,52,114,0,0,0,0,0,護石王,2,運気,2,気まぐれ,-1,,,,,海賊Ｊチケット,1,獰猛化溶岩竜鱗,1,溶岩竜の上鱗,5,斬竜の焔状殻,3
海賊Ｊジャケット,0,2,6,0,6,99,0,26,57,0,0,0,0,0,護石王,2,運気,2,気まぐれ,-1,,,,,海賊Ｊチケット,1,獰猛化溶岩竜鱗,1,溶岩竜の上鱗,5,斬竜の焔状殻,3
スターナイトメイル,0,1,6,0,4,99,0,52,114,1,1,1,1,1,広域,3,研磨術,2,跳躍,2,,,,,スタジオＷパス,1,斬竜の堅殻,4,巨獣の堅殻,2,斬竜の尾刃片,4
スターナイトレジスト,0,2,6,0,4,99,0,26,57,2,2,2,2,2,広域,3,研磨術,2,跳躍,2,,,,,スタジオＷパス,1,斬竜の堅殻,4,巨獣の堅殻,2,斬竜の尾刃片,4
ライクロダウン,0,1,6,1,6,99,0,54,116,0,-1,4,-2,1,気絶,3,回避距離,2,聴覚保護,1,,,,,ユニクロＳコイン,1,電竜の高電膜,3,電竜の棘殻,5,海竜の高電殻,3
ライクロジャケット,0,2,6,1,6,99,0,27,58,0,-1,5,-2,1,気絶,3,回避距離,2,聴覚保護,1,,,,,ユニクロＳコイン,1,電竜の高電膜,3,電竜の棘殻,5,海竜の高電殻,3
大海賊Ｊスーツ,0,1,6,0,6,99,0,56,118,-4,-4,-4,-4,-4,運気,3,剥ぎ取り,1,捕獲,1,,,,,海賊Ｊチケット,1,獰猛化溶岩竜鱗,1,溶岩竜の上ヒレ,3,斬竜の堅殻,4
大海賊Ｊジャケット,0,2,6,0,6,99,0,28,59,-3,-3,-3,-3,-3,運気,3,剥ぎ取り,1,捕獲,1,,,,,海賊Ｊチケット,1,獰猛化溶岩竜鱗,1,溶岩竜の上ヒレ,3,斬竜の堅殻,4
ブルースタースーツ,0,1,6,2,4,99,0,56,118,1,1,1,1,1,耐震,2,体術,2,,,,,,,スタジオＸパス,1,泡狐竜の上錦ヒレ,3,夜鳥の金羽,1,砕竜の黒曜甲,3
ブルースターベスト,0,2,6,2,4,99,0,28,59,2,2,2,2,2,体術,2,采配,2,,,,,,,スタジオＸパス,1,泡狐竜の上錦ヒレ,3,夜鳥の金羽,1,砕竜の黒曜甲,3
バリアスーツアーマー,1,1,6,0,4,99,0,64,126,4,4,4,4,-4,炎熱適応,2,属性耐性,2,腹減り,-2,,,,,サムスコイン,1,獰猛化黒狼鳥鱗,1,ノヴァクリスタル,2,黒狼鳥の上鱗,4
バリアスーツバリアー,1,2,6,0,4,99,0,32,63,5,5,5,5,-3,炎熱適応,2,属性耐性,2,腹減り,-2,,,,,サムスコイン,1,獰猛化黒狼鳥鱗,1,ノヴァクリスタル,2,黒狼鳥の上鱗,4
ゼロスーツボディ,2,1,6,0,4,99,0,48,110,4,4,4,4,-4,気力回復,2,回避性能,2,防御,-2,,,,,サムスコイン,1,獰猛化黒狼鳥鱗,1,ノヴァクリスタル,2,黒狼鳥の上鱗,4
ゼロスーツウェア,2,2,6,0,4,99,0,24,55,5,5,5,5,-3,気力回復,2,回避性能,2,防御,-2,,,,,サムスコイン,1,獰猛化黒狼鳥鱗,1,ノヴァクリスタル,2,黒狼鳥の上鱗,4
瑞星・覇【胴当て】,1,1,7,0,4,99,0,64,126,1,1,1,1,1,スタミナ,2,本気,2,気絶,-2,,,,,スタジオＧパス,1,獰猛化斬竜鱗,1,高圧電甲,3,斬竜の牙,4
景星・覇【胴当て】,1,2,7,0,4,99,0,32,63,2,2,2,2,2,スタミナ,2,本気,2,気絶,-2,,,,,スタジオＧパス,1,獰猛化斬竜鱗,1,高圧電甲,3,斬竜の牙,4
夢見・覇【衣】,2,1,7,1,4,99,0,64,126,1,1,1,1,1,本気,3,スタミナ,2,連撃,1,,,,,スタジオＧパス,1,獰猛化斬竜鱗,1,高圧電甲,3,斬竜の牙,4
夢語・覇【衣】,2,2,7,1,4,99,0,32,63,2,2,2,2,2,本気,3,連撃,1,スタミナ,1,,,,,スタジオＧパス,1,獰猛化斬竜鱗,1,高圧電甲,3,斬竜の牙,4
スタールークメイル,0,1,7,0,4,99,0,64,126,0,0,0,0,0,ガード性能,3,斬れ味,2,装填数,2,,,,,スタジオＧパス,1,獰猛化電竜鱗,1,赤熱した紅焔嚢,3,電竜の帯電膜,4
スタールークレジスト,0,2,7,0,4,99,0,32,63,0,0,0,0,0,精密射撃,3,装填速度,2,装填数,2,,,,,スタジオＧパス,1,獰猛化電竜鱗,1,赤熱した紅焔嚢,3,電竜の帯電膜,4
勇者の服,0,1,7,1,4,99,0,64,126,2,2,2,2,2,剣術,2,無傷,2,効果持続,2,,,,,トライフォース,1,砕竜の堅黒曜甲,3,夜鳥の翼,3,雌火竜の甲殻,4
勇者の衣,0,2,7,1,4,99,0,32,63,3,3,3,3,3,装填数,2,無傷,2,効果持続,2,,,,,トライフォース,1,砕竜の堅黒曜甲,3,夜鳥の翼,3,雌火竜の甲殻,4
王者のボディ,0,1,7,0,6,99,0,66,128,4,4,4,4,4,闘魂,3,食事,3,気配,-2,,,,,地下闘技場入場券,1,獰猛化巨獣毛,1,金獅子の尖角,2,重甲虫の堅胸殻,2
強者のボディ,0,2,7,0,6,99,0,33,64,5,5,5,5,5,闘魂,3,食事,3,気配,-2,,,,,地下闘技場入場券,1,獰猛化巨獣毛,1,金獅子の尖角,2,重甲虫の堅胸殻,2
メイルオブレイジ,1,1,7,0,8,99,0,66,128,2,2,2,2,2,聴覚保護,3,本気,3,効果持続,-3,,,,,女神の抱擁,1,獰猛化恐暴竜鱗,1,恐暴竜の黒皮,5,獄炎石,4
レジストオブレイジ,1,2,7,0,8,99,0,33,64,3,3,3,3,3,聴覚保護,3,本気,3,効果持続,-3,,,,,女神の抱擁,1,獰猛化恐暴竜鱗,1,恐暴竜の黒皮,5,獄炎石,4
メイルオブアナト,2,1,7,0,8,99,0,66,128,2,2,2,2,2,聴覚保護,3,本気,3,効果持続,-3,,,,,女神の抱擁,1,獰猛化恐暴竜鱗,1,恐暴竜の黒皮,5,獄炎石,4
レジストオブアナト,2,2,7,0,8,99,0,33,64,3,3,3,3,3,聴覚保護,3,本気,3,効果持続,-3,,,,,女神の抱擁,1,獰猛化恐暴竜鱗,1,恐暴竜の黒皮,5,獄炎石,4
ゾディアスメイル,0,1,7,1,8,99,0,68,130,1,1,1,1,1,跳躍,2,無心,2,回避性能,1,,,,,冥天の星くず,1,炎王龍の堅殻,3,炎龍の翼膜,3,鋼龍の尖爪,3
ゾディアスレジスト,0,2,7,1,8,99,0,34,65,2,2,2,2,2,跳躍,2,無心,2,回避性能,1,,,,,冥天の星くず,1,炎王龍の堅殻,3,炎龍の翼膜,3,鋼龍の尖爪,3
地上最強の胴着,0,1,7,0,6,99,0,70,132,4,4,4,4,4,本気,3,肉食,3,気配,-3,,,,,地下闘技場入場券,1,獰猛化巨獣毛,1,恐暴竜の黒皮,3,巨獣の甲殻,6
地上最強の胴衣,0,2,7,0,6,99,0,35,66,5,5,5,5,5,本気,3,肉食,3,気配,-3,,,,,地下闘技場入場券,1,獰猛化巨獣毛,1,恐暴竜の黒皮,3,巨獣の甲殻,6
飛竜の装束・空,0,1,7,1,8,99,0,60,122,2,2,2,2,2,跳躍,3,気力回復,1,回避距離,1,,,,,火竜の翼,3,電竜の鱗,4,歴戦の漆黒皮,2,オプション,1
飛竜の装束・地,0,2,7,1,8,99,0,30,61,2,2,3,2,2,跳躍,3,気力回復,1,回避距離,1,,,,,火竜の翼,3,電竜の鱗,4,歴戦の漆黒皮,2,オプション,1
スターロードスーツ,0,1,7,1,8,99,0,62,124,3,0,0,0,3,会心強化,1,痛撃,1,狂撃耐性,3,,,,,海竜の皮,5,獰猛化銀火竜鱗,1,煌黒龍の堅逆殻,2,シーリングシールド,1
スターロードベスト,0,2,7,1,8,99,0,31,62,3,0,0,0,4,会心強化,1,痛撃,1,狂撃耐性,2,,,,,海竜の皮,5,獰猛化銀火竜鱗,1,煌黒龍の堅逆殻,2,シーリングシールド,1
