#名前,"性別(0=両,1=男,2=女)","タイプ(0=両方,1=剣士,2=ガンナー)",レア度,スロット数,入手時期／集☆（99=集入手不可）,入手時期／村☆（99=村入手不可）,入手時期集村(0=or/1=and),初期防御力,最終防御力,火耐性,水耐性,雷耐性,氷耐性,龍耐性,スキル系統1,スキル値1,スキル系統2,スキル値2,スキル系統3,スキル値3,スキル系統4,スキル値4,スキル系統5,スキル値5,生産素材1,個数,生産素材2,個数,生産素材3,個数,生産素材4,個数
レザーヘッド,0,0,1,1,1,1,0,1,34,0,0,0,0,0,気まぐれ,2,,,,,,,,,暖かい毛皮,1,鉄鉱石,1,,,,
チェーンヘッド,0,0,1,3,1,1,0,2,35,0,0,1,0,0,,,,,,,,,,,大地の結晶,1,鉄鉱石,1,,,,
ベルダーターバン,0,0,1,1,1,1,0,2,35,0,1,0,0,0,加護,3,,,,,,,,,暖かい毛皮,2,ツタの葉,2,,,,
ハントヘルム,0,0,1,1,1,1,0,2,68,1,0,0,0,0,千里眼,3,,,,,,,,,鉄鉱石,1,大地の結晶,2,,,,
ハントキャップ,0,0,1,1,1,1,0,1,34,2,0,0,0,0,千里眼,4,,,,,,,,,鉄鉱石,1,大地の結晶,2,,,,
マフモフフード,0,0,1,2,1,1,0,2,35,-1,0,0,2,0,耐寒,1,,,,,,,,,暖かい毛皮,2,ガウシカの角,2,,,,
ユクモノカサ,0,0,1,1,1,1,0,2,35,0,0,1,0,0,達人,2,,,,,,,,,ユクモの木,1,丸鳥の羽,1,,,,
ハンターヘルム,0,0,1,0,1,1,0,6,72,0,0,0,0,0,狩人,3,高速設置,2,,,,,,,ファンゴの毛皮,1,マカライト鉱石,1,鉄鉱石,3,,
ハンターキャップ,0,0,1,0,1,1,0,3,36,0,0,0,0,0,狩人,3,高速設置,3,,,,,,,ファンゴの毛皮,1,マカライト鉱石,1,鉄鉱石,3,,
ボーンヘルム,0,0,1,1,1,1,0,6,72,0,0,0,-1,0,KO,4,,,,,,,,,なぞの頭骨,1,とがった牙,2,ギアノスの鱗,1,,
ボーンキャップ,0,0,1,1,1,1,0,3,36,0,0,0,-1,0,KO,5,,,,,,,,,なぞの頭骨,1,とがった牙,2,ギアノスの鱗,1,,
混沌のパオ,0,0,1,1,1,1,0,6,72,2,-2,0,0,0,特殊攻撃,3,,,,,,,,,混沌茸,1,マヒダケ,4,毒テングダケ,4,不死虫,3
混沌のヅァン,0,0,1,1,1,1,0,3,36,2,-2,0,0,0,特殊攻撃,4,,,,,,,,,混沌茸,1,マヒダケ,4,毒テングダケ,4,不死虫,3
ジャギィヘルム,0,0,1,0,1,1,0,6,72,-2,0,0,0,0,攻撃,3,火属性攻撃,1,防御,-2,,,,,ジャギィの鱗,3,ジャギィの皮,3,鳥竜種の牙,5,円盤石,2
ジャギィキャップ,0,0,1,0,1,1,0,3,36,-2,0,0,0,0,攻撃,3,火属性攻撃,2,防御,-2,,,,,ジャギィの鱗,3,ジャギィの皮,3,鳥竜種の牙,5,円盤石,2
マッカォヘルム,0,0,1,1,1,1,0,8,74,-2,0,0,0,0,跳躍,3,,,,,,,,,跳狗竜の鱗,3,王者の冠羽,1,大地の結晶,2,,
マッカォキャップ,0,0,1,1,1,1,0,4,37,-2,1,1,1,1,跳躍,4,,,,,,,,,跳狗竜の鱗,3,王者の冠羽,1,大地の結晶,2,,
ランポスヘルム,0,0,1,1,1,2,0,8,74,0,0,0,-2,0,気絶,3,麻痺,-3,,,,,,,ランポスの大皮,3,ランポスの大爪,1,ランポスの鱗,2,セッチャクロアリ,2
ランポスキャップ,0,0,1,1,1,2,0,4,37,0,1,1,-2,0,気絶,4,麻痺,-3,,,,,,,ランポスの大皮,3,ランポスの大爪,1,ランポスの鱗,2,セッチャクロアリ,2
ギアノスヘルム,0,0,1,0,1,2,0,8,74,0,0,-1,2,0,だるま,3,氷属性攻撃,3,睡眠,-3,,,,,ギアノスの鱗,2,ギアノスの皮,2,鉄鉱石,3,ガウシカの角,1
ギアノスキャップ,0,0,1,0,1,2,0,4,37,0,0,-1,3,0,だるま,4,氷属性攻撃,3,睡眠,-3,,,,,ギアノスの鱗,2,ギアノスの皮,2,鉄鉱石,3,ガウシカの角,1
ゲネポスヘルム,0,0,1,2,1,2,0,10,76,0,0,1,-2,0,麻痺,2,毒,-2,,,,,,,ゲネポスの大皮,2,ゲネポスの大牙,2,鉄鉱石,4,竜骨【小】,2
ゲネポスキャップ,0,0,1,2,1,2,0,5,38,1,0,2,-2,0,麻痺,3,毒,-2,,,,,,,ゲネポスの大皮,2,ゲネポスの大牙,2,鉄鉱石,4,竜骨【小】,2
ランゴヘルム,0,0,1,2,2,3,0,10,76,-2,1,1,1,2,特殊攻撃,1,属性攻撃,-2,,,,,,,ランゴスタの羽,3,鉄鉱石,4,セッチャクロアリ,2,,
ランゴキャップ,0,0,1,2,2,3,0,5,38,-2,2,2,2,3,特殊攻撃,2,属性攻撃,-2,,,,,,,ランゴスタの羽,3,鉄鉱石,4,セッチャクロアリ,2,,
タロスヘルム,0,0,1,1,1,3,0,10,76,-1,-1,-1,-1,4,龍属性攻撃,3,,,,,,,,,カンタロスの頭,1,カンタロスの甲殻,4,セッチャクロアリ,3,モンスターの体液,1
タロスキャップ,0,0,1,1,1,3,0,5,38,-1,-1,-1,-1,6,龍属性攻撃,4,,,,,,,,,カンタロスの頭,1,カンタロスの甲殻,4,セッチャクロアリ,3,モンスターの体液,1
ブナハハット,0,0,1,1,1,3,0,10,76,-2,0,0,0,2,斬れ味,1,火耐性,-2,,,,,,,飛甲虫の甲殻,2,飛甲虫の羽,3,キラビートル,1,セッチャクロアリ,2
ブナハキャップ,0,0,1,1,1,3,0,5,38,-2,1,1,1,3,弾薬節約,1,火耐性,-2,,,,,,,飛甲虫の甲殻,2,飛甲虫の羽,3,キラビートル,1,セッチャクロアリ,2
クンチュウヘルム,0,0,1,2,1,3,0,12,78,0,1,1,1,1,ガード性能,2,体術,-2,,,,,,,盾虫の甲殻,4,とがった牙,5,マカライト鉱石,1,セッチャクロアリ,1
クンチュウキャップ,0,0,1,2,1,3,0,6,39,0,2,2,2,2,精密射撃,2,体術,-2,,,,,,,盾虫の甲殻,4,とがった牙,5,マカライト鉱石,1,セッチャクロアリ,1
モスフェイク,0,0,1,1,1,1,0,5,38,0,0,0,0,0,食いしん坊,6,,,,,,,,,モスの苔皮,1,ファンゴの毛皮,3,セッチャクロアリ,2,,
リノプロヘルム,0,0,1,0,1,2,0,12,78,2,0,0,-2,0,砲術,5,,,,,,,,,草食竜の頭殻,1,草食竜の甲殻,2,氷結晶,2,,
リノプロキャップ,0,0,1,0,1,2,0,6,39,3,0,0,-2,0,砲術,6,,,,,,,,,草食竜の頭殻,1,草食竜の甲殻,2,氷結晶,2,,
ファンゴヘルム,0,0,1,1,1,2,0,12,78,0,2,-2,1,0,底力,3,攻撃,2,加護,-3,,,,,大猪の牙,2,ファンゴの毛皮,4,鉄鉱石,5,,
ファンゴキャップ,0,0,1,1,1,2,0,6,39,0,3,-2,1,0,攻撃,3,底力,3,加護,-3,,,,,大猪の牙,2,ファンゴの毛皮,4,鉄鉱石,5,,
ブルファンゴフェイク,0,0,1,0,1,2,0,8,41,0,4,-2,0,0,底力,7,加護,-3,,,,,,,ファンゴの頭,1,大猪の皮,3,大猪の牙,6,竜骨【中】,2
アシラヘルム,0,0,1,2,2,2,0,14,80,-2,0,-2,0,0,ハチミツ,3,,,,,,,,,青熊獣の甲殻,2,青熊獣の毛,2,大きな骨,2,セッチャクロアリ,3
アシラキャップ,0,0,1,2,2,2,0,7,40,-2,0,-2,0,0,ハチミツ,4,,,,,,,,,青熊獣の甲殻,2,青熊獣の毛,2,大きな骨,2,セッチャクロアリ,3
ガレオスヘルム,0,0,1,1,1,2,0,14,80,2,0,0,-3,0,耐暑,2,水属性攻撃,2,耐寒,-2,,,,,砂竜のヒレ,2,砂竜の鱗,2,砂竜の牙,2,マカライト鉱石,2
ガレオスキャップ,0,0,1,1,1,2,0,7,40,2,0,0,-3,0,水属性攻撃,3,耐暑,2,耐寒,-2,,,,,砂竜のヒレ,2,砂竜の鱗,2,砂竜の牙,2,マカライト鉱石,2
ブレイブヘッド,0,0,2,2,3,4,0,8,39,0,0,0,0,0,火属性攻撃,3,,,,,,,,,ベルナチケット,1,ドラグライト鉱石,2,暖かい毛皮,1,ランポスの鱗,2
アロイヘルム,0,0,2,0,2,3,0,12,74,-1,0,-1,-1,0,研ぎ師,3,風圧,2,,,,,,,ベアライト石,2,マカライト鉱石,3,鉄鉱石,3,,
アロイキャップ,0,0,2,0,2,3,0,6,37,-1,0,-1,-1,0,装填速度,3,風圧,2,,,,,,,ベアライト石,2,マカライト鉱石,3,鉄鉱石,3,,
バトルヘルム,0,0,2,1,3,4,0,12,74,1,-1,-1,0,0,攻撃,2,,,,,,,,,縞模様の皮,2,鉄鉱石,5,盾虫の甲殻,4,大地の結晶,2
バトルキャップ,0,0,2,1,3,4,0,6,37,2,-1,-1,0,0,攻撃,3,,,,,,,,,縞模様の皮,2,鉄鉱石,5,盾虫の甲殻,4,大地の結晶,2
インゴットヘルム,0,0,2,1,3,4,0,14,76,-1,-1,1,0,0,氷属性攻撃,3,,,,,,,,,ドラグライト鉱石,2,ライトクリスタル,1,大地の結晶,5,ベアライト石,3
インゴットキャップ,0,0,2,1,3,4,0,7,38,-1,-1,2,0,0,氷属性攻撃,4,,,,,,,,,ドラグライト鉱石,2,ライトクリスタル,1,大地の結晶,5,ベアライト石,3
ハイメタヘルム,0,0,2,1,3,4,0,14,76,0,-1,2,-1,0,聴覚保護,3,加護,-3,,,,,,,ドラグライト鉱石,2,マカライト鉱石,3,ライトクリスタル,1,大地の結晶,2
ハイメタキャップ,0,0,2,0,3,4,0,7,38,0,-1,3,-1,0,聴覚保護,4,加護,-3,,,,,,,ドラグライト鉱石,2,マカライト鉱石,3,ライトクリスタル,1,大地の結晶,2
メルホアフロール,0,0,2,1,1,3,0,12,74,0,1,1,0,0,採取,2,,,,,,,,,ドスビスカス,1,ライトクリスタル,1,キラビートル,1,霜ふり草,3
メルホアブルーメ,0,0,2,1,1,3,0,6,37,0,1,1,0,0,採取,3,,,,,,,,,ドスビスカス,1,ライトクリスタル,1,キラビートル,1,霜ふり草,3
マカルパフード,0,0,2,1,1,2,0,14,76,1,2,-2,0,0,調合成功率,3,効果持続,1,,,,,,,春夜鯉,1,砂竜のヒレ,3,ハリマグロ,20,調合書①入門編,1
マカルパブランシ,0,0,2,1,1,2,0,7,38,1,3,-2,0,0,調合成功率,4,効果持続,1,,,,,,,春夜鯉,1,砂竜のヒレ,3,ハリマグロ,20,調合書①入門編,1
ビストロトック,0,0,2,1,2,3,0,12,74,3,1,0,2,0,食事,2,回復量,-1,,,,,,,ビストロチケット,1,ブヨブヨした皮,5,こんがり魚,10,,
ビストロキャップ,0,0,2,1,2,3,0,6,37,4,1,0,3,0,食事,3,回復量,-1,,,,,,,ビストロチケット,1,ブヨブヨした皮,5,こんがり魚,10,,
オウビートテスタ,1,0,2,1,2,4,0,18,80,2,-2,2,-2,3,攻撃,3,体術,2,スタミナ,-1,,,,,オオツノアゲハ,1,ベアライト石,1,雷光虫,4,火炎袋,2
オウビートカプト,1,0,2,1,2,4,0,9,40,3,-2,2,-2,4,攻撃,3,体術,3,スタミナ,-1,,,,,オオツノアゲハ,1,ベアライト石,1,雷光虫,4,火炎袋,2
パピメルテスタ,2,0,2,1,2,4,0,18,80,2,-2,2,-2,3,攻撃,3,体術,2,スタミナ,-1,,,,,オオツノアゲハ,1,ベアライト石,1,雷光虫,4,火炎袋,2
パピメルカプト,2,0,2,1,2,4,0,9,40,3,-2,2,-2,4,攻撃,3,体術,3,スタミナ,-1,,,,,オオツノアゲハ,1,ベアライト石,1,雷光虫,4,火炎袋,2
デスギアゲヒル,0,0,2,0,2,3,0,16,78,2,1,1,-1,0,狂撃耐性,2,龍属性攻撃,2,回避性能,-2,,,,,禍々しい布,1,イーオスの紫鱗,2,とがった牙,4,セッチャクロアリ,2
デスギアゼレ,0,0,2,0,2,3,0,8,39,3,1,1,-1,0,狂撃耐性,3,龍属性攻撃,2,回避性能,-2,,,,,禍々しい布,1,イーオスの紫鱗,2,とがった牙,4,セッチャクロアリ,2
どんぐりヘルム,0,0,2,1,2,3,0,16,78,2,2,0,-2,0,采配,4,,,,,,,,,オトモチケット,1,ベアライト石,4,はじけクルミ,5,マタタビ,5
どんぐりキャップ,0,0,2,1,2,3,0,8,39,3,3,0,-2,0,采配,5,,,,,,,,,オトモチケット,1,ベアライト石,4,はじけクルミ,5,マタタビ,5
マギュルフロール,0,0,2,0,2,3,0,14,76,-3,1,0,2,0,火属性攻撃,4,,,,,,,,,ペピポパンプキン,1,ライトクリスタル,2,怪力の種,4,マタタビ,10
マギュルブルーメ,0,0,2,0,2,3,0,7,38,-3,2,0,3,0,火属性攻撃,5,,,,,,,,,ペピポパンプキン,1,ライトクリスタル,2,怪力の種,4,マタタビ,10
エーデルフロール,0,0,2,2,1,3,0,14,76,-1,3,-1,0,0,野草知識,3,,,,,,,,,星見の花,1,水袋,1,黒真珠,3,ユクモの木,1
エーデルブルーメ,0,0,2,2,1,3,0,7,38,-1,4,-1,0,0,野草知識,4,,,,,,,,,星見の花,1,水袋,1,黒真珠,3,ユクモの木,1
スカルダテスタ,1,0,2,1,1,1,0,18,80,3,-1,-1,-1,3,達人,2,特殊会心,1,攻撃,-1,,,,,毒クモリ,1,飛甲虫の羽,3,麻痺袋,2,セッチャクロアリ,5
スカルダカプト,1,0,2,1,1,1,0,9,40,4,-1,-1,-1,3,達人,2,特殊会心,2,攻撃,-1,,,,,毒クモリ,1,飛甲虫の羽,3,麻痺袋,2,セッチャクロアリ,5
スパイオテスタ,2,0,2,1,1,1,0,18,80,3,-1,-1,-1,3,達人,2,特殊会心,1,攻撃,-1,,,,,毒クモリ,1,飛甲虫の羽,3,麻痺袋,2,セッチャクロアリ,5
スパイオカプト,2,0,2,1,1,1,0,9,40,4,-1,-1,-1,3,達人,2,特殊会心,2,攻撃,-1,,,,,毒クモリ,1,飛甲虫の羽,3,麻痺袋,2,セッチャクロアリ,5
リモスフェイク,0,0,2,0,1,1,0,8,39,-2,2,-2,-2,0,千里眼,7,,,,,,,,,首鳴竜の皮,5,竜骨【大】,2,跳狗竜の赤皮,3,,
ガーグァフェイク,0,0,2,0,1,2,0,8,39,-3,-2,-2,1,0,観察眼,7,,,,,,,,,丸鳥の羽,4,ユクモの木,3,ライトクリスタル,1,,
ムーファヘッド,0,0,2,1,1,3,0,14,76,-1,0,2,3,0,耐寒,3,,,,,,,,,雲羊鹿の角,1,雲羊鹿の毛玉,2,鉄鉱石,1,,
ムーファウィッグ,0,0,2,1,1,3,0,7,38,-1,0,3,4,0,耐寒,4,,,,,,,,,雲羊鹿の角,1,雲羊鹿の毛玉,2,鉄鉱石,1,,
アイルーフェイク,0,0,2,0,3,4,0,8,39,2,2,2,0,2,爆弾強化,7,,,,,,,,,オトモチケット,1,ドスヘラクレス,2,肉球のスタンプ,1,なぞの頭骨,3
ランポスヘッド,0,0,2,0,3,4,0,10,72,1,2,1,1,1,運気,2,加護,-2,,,,,,,ドスランポスの頭,1,ドラグライト鉱石,2,ランポスの大皮,3,とがった牙,5
ランポスフェイス,0,0,2,0,3,4,0,5,36,1,3,1,1,1,運気,3,加護,-2,,,,,,,ドスランポスの頭,1,ドラグライト鉱石,2,ランポスの大皮,3,とがった牙,5
ゲネポスヘッド,0,0,2,0,3,4,0,10,72,1,1,2,1,1,運気,2,加護,-2,,,,,,,ドスゲネポスの頭,1,ドスヘラクレス,2,ゲネポスの大皮,3,竜の牙,4
ゲネポスフェイス,0,0,2,0,3,4,0,5,36,1,1,3,1,1,運気,3,加護,-2,,,,,,,ドスゲネポスの頭,1,ドスヘラクレス,2,ゲネポスの大皮,3,竜の牙,4
イーオスヘッド,0,0,2,0,3,4,0,10,72,2,1,1,1,1,運気,2,加護,-2,,,,,,,ドスイーオスの頭,1,溶岩獣の鱗,2,イーオスの大皮,3,ブヨブヨした皮,1
イーオスフェイス,0,0,2,0,3,4,0,5,36,3,1,1,1,1,運気,3,加護,-2,,,,,,,ドスイーオスの頭,1,溶岩獣の鱗,2,イーオスの大皮,3,ブヨブヨした皮,1
ガブラスヘッド,0,0,2,0,3,4,0,10,72,1,1,1,1,2,運気,2,加護,-2,,,,,,,翼蛇竜の頭,1,モンスターの体液,2,ライトクリスタル,2,鳥竜種の牙,3
ガブラスフェイス,0,0,2,0,3,4,0,5,36,1,1,1,1,3,運気,3,加護,-2,,,,,,,翼蛇竜の頭,1,モンスターの体液,2,ライトクリスタル,2,鳥竜種の牙,3
イーオスヘルム,0,0,2,2,2,3,0,14,76,2,-1,-1,0,0,観察眼,2,,,,,,,,,イーオスの大皮,3,イーオスの皮,2,イーオスの鱗,4,鉄鉱石,2
イーオスキャップ,0,0,2,2,2,3,0,7,38,3,-1,-1,0,0,観察眼,3,,,,,,,,,イーオスの大皮,3,イーオスの皮,2,イーオスの鱗,4,鉄鉱石,2
クックヘルム,0,0,2,0,1,3,0,16,78,4,-1,0,-3,0,攻撃,3,火属性攻撃,2,防御,-3,,,,,怪鳥の耳,2,怪鳥の甲殻,2,怪鳥の翼膜,1,マッカォの鱗,2
クックキャップ,0,0,2,0,1,3,0,8,39,5,-1,0,-3,0,攻撃,3,火属性攻撃,3,防御,-3,,,,,怪鳥の耳,2,怪鳥の甲殻,2,怪鳥の翼膜,1,マッカォの鱗,2
ウルクヘルム,0,0,2,1,1,3,0,14,76,-3,1,0,4,0,だるま,3,回避性能,1,体力,-1,,,,,白兎獣の耳,2,大きな骨,2,ギアノスの皮,4,氷結晶,5
ウルクキャップ,0,0,2,1,1,3,0,7,38,-3,1,0,5,0,だるま,4,回避性能,1,体力,-1,,,,,白兎獣の耳,2,大きな骨,2,ギアノスの皮,4,氷結晶,5
ゲリョスヘルム,0,0,2,0,1,3,0,16,78,-3,1,4,-1,0,毒,2,スタミナ,2,腹減り,-2,,,,,ゴム質の皮,2,毒袋,2,大地の結晶,2,ゲネポスの皮,2
ゲリョスキャップ,0,0,2,0,1,3,0,8,39,-3,1,5,-1,0,毒,3,スタミナ,2,腹減り,-2,,,,,ゴム質の皮,2,毒袋,2,大地の結晶,2,ゲネポスの皮,2
カブラヘルム,0,0,2,0,1,3,0,18,80,2,-3,-1,0,1,体力,3,耐震,2,睡眠,-3,,,,,鬼蛙の大牙,2,厳めしい頭骨,1,鬼蛙の甲殻,2,マカライト鉱石,2
カブラキャップ,0,0,2,0,1,3,0,9,40,3,-3,-1,0,1,耐震,3,体力,3,睡眠,-3,,,,,鬼蛙の大牙,2,厳めしい頭骨,1,鬼蛙の甲殻,2,マカライト鉱石,2
ザザミヘルム,0,0,2,0,1,3,0,20,82,-1,3,-3,0,1,防御,3,ガード性能,2,体術,-2,,,,,盾蟹の爪,1,盾蟹の甲殻,2,マカライト鉱石,2,竜骨【小】,5
ザザミキャップ,0,0,2,0,1,3,0,10,41,-1,4,-3,0,1,防御,3,反動,2,装填速度,-2,,,,,盾蟹の爪,1,盾蟹の甲殻,2,マカライト鉱石,2,竜骨【小】,5
ラングロヘルム,0,0,2,0,3,4,0,18,80,2,-3,0,-1,1,溜め短縮,4,細菌学,1,気力回復,-2,,,,,赤甲獣の爪,2,赤甲獣の甲殻,2,モンスターの体液,2,ドラグライト鉱石,4
ラングロキャップ,0,0,2,0,3,4,0,9,40,3,-3,0,-1,1,溜め短縮,4,細菌学,2,気力回復,-2,,,,,赤甲獣の爪,2,赤甲獣の甲殻,2,モンスターの体液,2,ドラグライト鉱石,4
ルドロスヘルム,0,0,2,1,1,3,0,18,80,-3,4,-1,0,0,腹減り,3,気力回復,1,回避性能,-2,,,,,水獣のトサカ,2,水獣の尻尾,1,水獣の鱗,2,セッチャクロアリ,3
ルドロスキャップ,0,0,2,1,1,3,0,9,40,-3,5,-1,0,0,腹減り,3,気力回復,2,回避性能,-2,,,,,水獣のトサカ,2,水獣の尻尾,1,水獣の鱗,2,セッチャクロアリ,3
ホロロヘルム,0,0,2,0,2,4,0,18,80,-2,-2,1,1,0,睡眠,4,痛撃,2,,,,,,,夜鳥の羽鱗,4,夜鳥の耳,1,ライトクリスタル,2,王者の冠羽,1
ホロロキャップ,0,0,2,0,2,4,0,9,40,-1,-2,1,1,0,睡眠,4,痛撃,3,,,,,,,夜鳥の羽鱗,4,夜鳥の耳,1,ライトクリスタル,2,王者の冠羽,1
フルフルヘルム,0,0,2,0,2,3,0,18,80,-4,1,4,2,1,回復速度,3,,,,,,,,,ブヨブヨした皮,2,電気袋,1,大地の結晶,4,モンスターの体液,2
フルフルキャップ,0,0,2,0,2,3,0,9,40,-4,1,5,2,1,回復速度,4,,,,,,,,,ブヨブヨした皮,2,電気袋,1,大地の結晶,4,モンスターの体液,2
レイアヘルム,0,0,2,1,3,4,0,20,82,3,0,-2,0,-3,体力,2,回復量,1,回復速度,-1,,,,,雌火竜の棘,1,雌火竜の鱗,4,雌火竜の甲殻,3,ドラグライト鉱石,3
レイアキャップ,0,0,2,1,3,4,0,10,41,4,0,-2,0,-3,体力,2,回復量,2,回復速度,-1,,,,,雌火竜の棘,1,雌火竜の鱗,4,雌火竜の甲殻,3,ドラグライト鉱石,3
ハプルヘルム,0,0,2,0,2,3,0,20,82,2,0,-1,-3,1,食事,4,回復量,-2,,,,,,,潜口竜の頭殻,1,潜口竜の甲殻,2,竜骨【中】,5,跳狗竜の赤皮,2
ハプルキャップ,0,0,2,1,2,3,0,10,41,3,0,-1,-3,1,食事,4,回復量,-2,,,,,,,潜口竜の頭殻,1,潜口竜の甲殻,2,竜骨【中】,5,跳狗竜の赤皮,2
ブランゴヘルム,0,0,2,0,2,4,0,18,80,-4,1,0,4,0,氷属性攻撃,3,体術,2,スタミナ,-2,,,,,雪獅子の髭,1,雪獅子の毛,3,竜骨【大】,1,ランポスの大皮,1
ブランゴキャップ,0,0,2,0,2,4,0,9,40,-4,1,0,5,0,氷属性攻撃,3,体術,3,スタミナ,-2,,,,,雪獅子の髭,1,雪獅子の毛,3,竜骨【大】,1,ランポスの大皮,1
ギザミヘルム,0,0,2,1,2,4,0,20,82,1,2,-1,-1,0,達人,5,斬れ味,1,雷耐性,-2,,,,,鎌蟹の爪,2,鎌蟹の甲殻,2,鎌蟹の小殻,3,キラビートル,1
ギザミキャップ,0,0,2,1,2,4,0,10,41,2,2,-1,-1,0,達人,5,弾薬節約,1,雷耐性,-2,,,,,鎌蟹の爪,2,鎌蟹の甲殻,2,鎌蟹の小殻,3,キラビートル,1
ガララヘルム,0,0,2,1,2,4,0,20,82,1,-1,0,-3,1,聴覚保護,4,捕獲,1,加護,-2,,,,,絞蛇竜の鳴甲,3,絞蛇竜の甲殻,4,寒気立つクチバシ,1,ゲネポスの鱗,4
ガララキャップ,0,0,2,1,2,4,0,10,41,1,-1,1,-3,1,聴覚保護,4,捕獲,2,加護,-2,,,,,絞蛇竜の鳴甲,3,絞蛇竜の甲殻,4,寒気立つクチバシ,1,ゲネポスの鱗,4
ナルガヘルム,0,0,2,1,2,4,0,18,80,-2,1,-3,1,1,回避距離,3,達人,2,龍耐性,-2,,,,,迅竜の尾棘,2,迅竜の黒毛,3,迅竜の刃翼,2,青熊獣の甲殻,4
ナルガキャップ,0,0,2,1,2,4,0,9,40,-2,1,-2,1,1,達人,3,回避距離,3,龍耐性,-2,,,,,迅竜の尾棘,2,迅竜の黒毛,3,迅竜の刃翼,2,青熊獣の甲殻,4
サージュフート,0,0,2,0,2,3,0,18,80,0,0,0,0,0,細菌学,3,捕獲,2,底力,-2,,,,,雲羊鹿の毛玉,3,首鳴竜の皮,1,潜口竜の皮,2,,
サージュキャップ,0,0,2,0,2,3,0,9,40,0,0,0,0,0,細菌学,3,捕獲,3,底力,-2,,,,,雲羊鹿の毛玉,3,首鳴竜の皮,1,潜口竜の皮,2,,
ヴァイクヘルム,0,0,3,2,3,5,0,20,82,0,3,-2,-1,0,水属性攻撃,2,爆弾強化,2,,,,,,,ヨロイシダイ,1,上竜骨,1,マカライト鉱石,2,ハレツアロワナ,10
ヴァイクキャップ,0,0,3,2,3,5,0,10,41,0,4,-2,-1,0,爆弾強化,3,水属性攻撃,2,,,,,,,ヨロイシダイ,1,上竜骨,1,マカライト鉱石,2,ハレツアロワナ,10
スカルヘッド,0,1,3,0,3,5,0,14,76,-3,-3,-3,-3,2,胴系統倍加,1,,,,,,,,,上竜骨,3,なぞの頭骨,5,なぞの骨,10,紅蓮石,3
スカルフェイス,0,2,3,0,3,5,0,7,38,-3,-3,-3,-3,4,胴系統倍加,1,,,,,,,,,上竜骨,3,なぞの頭骨,5,なぞの骨,10,紅蓮石,3
ロワーガテスタ,1,0,3,1,3,5,0,20,82,-2,0,3,-2,2,達人,5,,,,,,,,,オオクワアゲハ,1,溶岩塊,1,雷光虫,3,光蟲,10
ロワーガカプト,1,0,3,1,3,5,0,10,41,-2,0,3,-2,3,達人,6,,,,,,,,,オオクワアゲハ,1,溶岩塊,1,雷光虫,3,光蟲,10
ファルメルテスタ,2,0,3,1,3,5,0,20,82,-2,0,3,-2,2,達人,5,,,,,,,,,オオクワアゲハ,1,溶岩塊,1,雷光虫,3,光蟲,10
ファルメルカプト,2,0,3,1,3,5,0,10,41,-2,0,3,-2,3,達人,6,,,,,,,,,オオクワアゲハ,1,溶岩塊,1,雷光虫,3,光蟲,10
ガルルガヘルム,0,0,3,0,2,5,0,22,84,2,-1,2,0,0,聴覚保護,2,剣術,2,水耐性,-2,,,,,黒狼鳥の耳,2,尖ったクチバシ,2,黒狼鳥の甲殻,3,黒狼鳥のたてがみ,2
ガルルガキャップ,0,0,3,0,2,5,0,11,42,3,-1,2,0,0,聴覚保護,2,変則射撃,2,水耐性,-2,,,,,黒狼鳥の耳,2,尖ったクチバシ,2,黒狼鳥の甲殻,3,黒狼鳥のたてがみ,2
ガルルガフェイク,0,0,3,0,3,5,0,13,44,3,-1,2,0,0,聴覚保護,7,加護,-5,,,,,,,尖ったクチバシ,2,黒狼鳥の耳,2,黒狼鳥のたてがみ,4,紅蓮石,1
ガンキンヘルム,0,0,3,0,3,5,0,26,88,3,-4,0,-1,-2,裂傷,5,,,,,,,,,爆鎚竜の甲殻,3,爆鎚竜の鱗,4,爆鎚竜の耐熱殻,3,ドラグライト鉱石,3
ガンキンキャップ,0,0,3,0,3,5,0,13,44,4,-4,0,-1,-2,裂傷,6,,,,,,,,,爆鎚竜の甲殻,3,爆鎚竜の鱗,4,爆鎚竜の耐熱殻,3,ドラグライト鉱石,3
レウスヘルム,0,0,3,0,3,5,0,24,86,4,0,-2,0,-4,痛撃,4,攻撃,2,防御,-2,,,,,火竜の鱗,3,火竜の甲殻,3,火竜の翼爪,1,ドラグライト鉱石,3
レウスキャップ,0,0,3,0,3,5,0,12,43,5,0,-2,0,-4,痛撃,4,攻撃,3,防御,-2,,,,,火竜の鱗,3,火竜の甲殻,3,火竜の翼爪,1,ドラグライト鉱石,3
ラギアヘルム,0,0,3,1,3,5,0,24,86,-3,2,4,-1,-2,気力回復,2,特殊攻撃,-2,,,,,,,海竜の角,2,海竜の皮,3,海竜の鱗,3,ドラグライト鉱石,4
ラギアキャップ,0,0,3,1,3,5,0,12,43,-3,2,5,-1,-2,気力回復,3,特殊攻撃,-2,,,,,,,海竜の角,2,海竜の皮,3,海竜の鱗,3,ドラグライト鉱石,4
ジンオウヘルム,0,0,3,1,3,6,0,22,84,0,-1,4,-4,1,属性会心,2,本気,1,氷耐性,-2,,,,,雷狼竜の角,1,雷狼竜の帯電毛,2,雷狼竜の甲殻,2,大猪の牙,2
ジンオウキャップ,0,0,3,1,3,6,0,11,42,0,-1,5,-4,1,属性会心,2,本気,2,氷耐性,-2,,,,,雷狼竜の角,1,雷狼竜の帯電毛,2,雷狼竜の甲殻,2,大猪の牙,2
ミツネヘルム,0,0,3,0,3,5,0,20,82,0,2,-3,1,-1,泡沫,2,腹減り,2,雷耐性,-2,,,,,泡狐竜の錦ヒレ,2,泡狐竜の紫毛,3,泡狐竜の爪,2,ユクモの木,4
ミツネキャップ,0,0,3,0,3,5,0,10,41,0,2,-2,1,-1,腹減り,3,泡沫,2,雷耐性,-2,,,,,泡狐竜の錦ヒレ,2,泡狐竜の紫毛,3,泡狐竜の爪,2,ユクモの木,4
ゼクスヘルム,0,0,3,0,3,5,0,24,86,0,-2,3,-3,2,気絶,2,連撃,2,氷耐性,-2,,,,,電竜の冠甲,1,電竜の鱗,5,ライトクリスタル,2,モンスターの体液,5
ゼクスキャップ,0,0,3,0,3,5,0,12,43,0,-2,4,-3,2,連撃,3,気絶,2,氷耐性,-2,,,,,電竜の冠甲,1,電竜の鱗,5,ライトクリスタル,2,モンスターの体液,5
ガムートヘルム,0,0,3,2,3,5,0,26,88,-3,1,-1,3,2,野草知識,2,寒冷適応,1,火耐性,-2,,,,,巨獣の牙,2,巨獣の甲殻,4,巨獣の赤毛,2,獣骨,10
ガムートキャップ,0,0,3,2,3,5,0,13,44,-3,1,-1,4,2,寒冷適応,2,野草知識,2,火耐性,-2,,,,,巨獣の牙,2,巨獣の甲殻,4,巨獣の赤毛,2,獣骨,10
ディノヘルム,0,0,3,1,3,6,0,24,86,3,-3,1,0,-1,研磨術,3,剣術,1,水耐性,-2,,,,,斬竜の鱗,3,斬竜の牙,4,赤熱した火炎嚢,1,マカライト鉱石,5
ディノキャップ,0,0,3,1,3,6,0,12,43,4,-3,1,0,-1,研磨術,3,反動,1,水耐性,-2,,,,,斬竜の鱗,3,斬竜の牙,4,赤熱した火炎嚢,1,マカライト鉱石,5
ゴアヘルム,0,0,3,0,3,6,0,24,86,-2,2,-1,2,-2,狂撃耐性,5,ガード性能,-2,,,,,,,黒蝕竜の触角,2,黒蝕竜の鱗,3,穢れた竜鱗,3,モンスターの体液,5
ゴアキャップ,0,0,3,0,3,6,0,12,43,-2,3,-1,2,-2,狂撃耐性,6,ガード性能,-2,,,,,,,黒蝕竜の触角,2,黒蝕竜の鱗,3,穢れた竜鱗,3,モンスターの体液,5
レギオスヘルム,0,0,3,1,3,6,0,24,86,2,0,-3,-2,0,抜刀会心,3,スタミナ,-2,,,,,,,千刃竜の刀角,2,千刃竜の飛刃片,4,千刃竜の刃鱗,3,飛甲虫の甲殻,3
レギオスキャップ,0,0,3,1,3,6,0,12,43,4,0,-3,-2,0,射法,3,スタミナ,-2,,,,,,,千刃竜の刀角,2,千刃竜の飛刃片,4,千刃竜の刃鱗,3,飛甲虫の甲殻,3
レックスヘルム,0,0,3,0,3,6,0,24,86,2,0,-3,0,-2,食事,3,聴覚保護,1,回復量,-2,,,,,轟竜の牙,4,轟竜の鱗,3,轟竜の甲殻,2,未熟な海綿質,5
レックスキャップ,0,0,3,0,3,6,0,12,43,4,0,-3,0,-2,食事,4,聴覚保護,1,回復量,-2,,,,,轟竜の牙,4,轟竜の鱗,3,轟竜の甲殻,2,未熟な海綿質,5
キリンホーン,0,0,3,0,3,6,0,26,88,-1,-1,3,0,2,属性攻撃,2,加護,2,効果持続,-2,,,,,キリンの皮,1,キリンの雷角,1,キリンのたてがみ,3,ゴム質の皮,2
キリンコルノ,0,0,3,0,3,6,0,13,44,-1,-1,4,0,2,加護,3,属性攻撃,2,効果持続,-2,,,,,キリンの皮,1,キリンの雷角,1,キリンのたてがみ,3,ゴム質の皮,2
ブラキヘルム,0,0,3,0,3,6,0,24,86,2,-4,0,-2,0,細菌学,3,闘魂,3,乗り,-2,,,,,砕竜の黒曜甲,3,砕竜の頭殻,1,なぞの粘菌,3,紅蓮石,2
ブラキキャップ,0,0,3,0,3,6,0,12,43,2,-3,0,-2,0,細菌学,4,闘魂,3,乗り,-2,,,,,砕竜の黒曜甲,3,砕竜の頭殻,1,なぞの粘菌,3,紅蓮石,2
アークヘルム,1,0,3,2,3,6,0,26,88,-2,2,0,2,-4,無傷,3,,,,,,,,,天廻龍の角,2,天廻龍の鱗,3,純白の龍鱗,2,ライトクリスタル,2
アークキャップ,1,0,3,2,3,6,0,13,44,-2,2,0,2,-3,無傷,3,通常弾強化,1,,,,,,,天廻龍の角,2,天廻龍の鱗,3,純白の龍鱗,2,ライトクリスタル,2
フィリアヘルム,2,0,3,2,3,6,0,26,88,-2,2,0,2,-4,無傷,3,,,,,,,,,天廻龍の角,2,天廻龍の鱗,3,純白の龍鱗,2,ライトクリスタル,2
フィリアキャップ,2,0,3,2,3,6,0,13,44,-2,2,0,2,-3,無傷,3,通常弾強化,1,,,,,,,天廻龍の角,2,天廻龍の鱗,3,純白の龍鱗,2,ライトクリスタル,2
クシャナアンク,0,0,3,0,3,99,0,26,88,-1,2,-2,3,-3,耐暑,2,重撃,2,,,,,,,鋼龍の角,1,鋼龍の甲殻,2,ドラグライト鉱石,4,ドスヘラクレス,2
クシャナスーラ,0,0,3,0,3,99,0,13,44,-1,2,-2,5,-3,耐暑,3,重撃,2,,,,,,,鋼龍の角,1,鋼龍の甲殻,2,ドラグライト鉱石,4,ドスヘラクレス,2
ミヅハ【烏帽子】,0,0,3,0,3,99,0,26,88,-5,1,0,2,-3,聴覚保護,3,風圧,2,,,,,,,霞龍の皮,3,霞龍の角,1,霞龍の翼膜,1,ドスヘラクレス,2
トヨタマ【烏帽子】,0,0,3,0,3,99,0,13,44,-4,1,0,2,-3,聴覚保護,3,風圧,3,,,,,,,霞龍の皮,3,霞龍の角,1,霞龍の翼膜,1,ドスヘラクレス,2
カイザークラウン,0,0,3,0,3,99,0,26,88,4,-4,1,-1,-3,盗み無効,5,炎熱適応,2,,,,,,,炎王龍の角,2,炎の龍鱗,3,炎王龍のたてがみ,1,古龍の血,1
カイザーマスク,0,0,3,0,3,99,0,13,44,4,-3,1,-1,-3,盗み無効,6,炎熱適応,2,,,,,,,炎王龍の角,2,炎の龍鱗,3,炎王龍のたてがみ,1,古龍の血,1
骸装甲【頭骨】,0,0,3,1,3,99,0,26,88,-1,-1,-1,-1,-2,逆境,2,逆上,2,,,,,,,骸頭骨,1,骸棘殻,3,発光する粘液,1,上竜骨,3
屍装甲【頭骨】,0,0,3,1,3,99,0,13,44,-1,-1,-1,-1,-1,逆上,3,逆境,2,,,,,,,骸頭骨,1,骸棘殻,3,発光する粘液,1,上竜骨,3
ブラックヘッド,0,0,3,0,99,5,0,24,86,2,2,2,2,-5,溜め短縮,3,属性耐性,2,,,,,,,黒い塊,1,黒いかけら,2,いにしえの秘薬,1,ライトクリスタル,1
ブラックフェイス,0,0,3,0,99,5,0,12,43,2,2,2,2,-4,溜め短縮,4,属性耐性,2,,,,,,,黒い塊,1,黒いかけら,2,いにしえの秘薬,1,ライトクリスタル,1
クロオビヘルム,0,0,3,3,3,5,0,22,84,1,1,1,1,1,,,,,,,,,,,クロオビチケット,1,ゲリョスコイン,2,上竜骨,1,,
クロオビキャップ,0,0,3,3,3,5,0,11,42,1,1,1,1,2,,,,,,,,,,,クロオビチケット,1,ゲリョスコイン,2,上竜骨,1,,
ギルドバードロポス,1,0,3,1,3,5,0,20,82,0,0,0,0,0,号令,2,運気,2,気まぐれ,-2,,,,,龍歴院チケット,1,海竜の背電殻,3,ドラグライト鉱石,3,,
ギルドバードハット,1,0,3,1,3,5,0,10,41,0,0,0,0,0,運気,3,号令,2,気まぐれ,-2,,,,,龍歴院チケット,1,海竜の背電殻,3,ドラグライト鉱石,3,,
メイドカチューシャ,2,0,3,1,99,3,0,20,82,0,0,0,0,0,采配,2,運気,2,気まぐれ,-2,,,,,ココットチケット,1,怪鳥の鱗,5,ケルビの角,2,,
プライベートグラス,2,0,3,1,99,3,0,10,41,0,0,0,0,0,運気,3,采配,2,気まぐれ,-2,,,,,ココットチケット,1,怪鳥の鱗,5,ケルビの角,2,,
ヘルパーフード,2,0,3,1,99,3,0,20,82,0,0,0,0,0,広域,3,回復量,1,回復速度,-1,,,,,ポッケチケット,1,ライトクリスタル,2,黒真珠,3,,
ヒーラーグラス,2,0,3,1,99,3,0,10,41,0,0,0,0,0,回復量,2,広域,2,気配,-1,,,,,ポッケチケット,1,ライトクリスタル,2,黒真珠,3,,
撫子【布冠】,2,0,3,1,99,2,0,20,82,0,0,0,0,0,千里眼,2,観察眼,2,,,,,,,ユクモチケット,1,ユクモの木,2,丸鳥の羽,5,,
桔梗【布冠】,2,0,3,1,99,2,0,10,41,0,0,0,0,0,観察眼,3,千里眼,2,,,,,,,ユクモチケット,1,ユクモの木,2,丸鳥の羽,5,,
ユアミタオル,0,0,3,0,99,6,0,10,41,-2,-2,-2,-2,0,剥ぎ取り,3,,,,,,,,,足湯チケット,1,希望の証,1,黒狼鳥のたてがみ,1,,
グルニャントック,0,0,3,3,99,6,0,22,84,1,1,1,1,1,回復量,1,,,,,,,,,希望の証,1,ビストロチケット,1,肉球のスタンプ,1,暖かい毛皮,3
グルニャンキャップ,0,0,3,3,99,6,0,11,42,1,1,1,1,1,回復量,2,,,,,,,,,希望の証,1,ビストロチケット,1,肉球のスタンプ,1,暖かい毛皮,3
レザーＳヘルム,0,0,4,1,4,99,0,24,86,0,0,0,0,0,採取,3,気まぐれ,2,,,,,,,上質な毛皮,1,暖かい毛皮,3,カブレライト鉱石,1,,
レザーＳキャップ,0,0,4,1,4,99,0,12,74,0,1,1,0,0,採取,4,気まぐれ,2,,,,,,,上質な毛皮,1,暖かい毛皮,3,カブレライト鉱石,1,,
チェーンＳヘルム,0,0,4,3,4,99,0,24,86,0,0,1,0,0,体力,1,,,,,,,,,カブレライト鉱石,1,マカライト鉱石,2,鉄鉱石,5,,
チェーンＳキャップ,0,0,4,3,4,99,0,12,74,0,0,1,1,0,体力,2,,,,,,,,,カブレライト鉱石,1,マカライト鉱石,2,鉄鉱石,5,,
ベルダーＳターバン,0,0,4,1,4,99,0,26,88,0,1,0,0,0,加護,3,広域,2,,,,,,,上質な毛皮,2,ベルナチケット,1,雲羊鹿の毛玉,5,,
ベルダーＳキャップ,0,0,4,1,4,99,0,13,44,0,2,0,0,0,加護,3,広域,3,,,,,,,上質な毛皮,2,ベルナチケット,1,雲羊鹿の毛玉,5,,
ハントＳヘルム,0,0,4,1,4,99,0,26,88,1,0,0,0,0,千里眼,3,爆弾強化,2,,,,,,,カブレライト鉱石,2,ココットチケット,1,上質な毛皮,5,モンスターの体液,5
ハントＳキャップ,0,0,4,1,4,99,0,13,44,2,0,0,0,0,千里眼,4,爆弾強化,2,,,,,,,カブレライト鉱石,2,ココットチケット,1,上質な毛皮,5,モンスターの体液,5
マフモフＳフード,0,0,4,2,4,99,0,26,88,-1,0,0,2,0,溜め短縮,2,耐寒,1,,,,,,,上質な毛皮,2,ポッケチケット,1,大猪の硬い皮,1,,
マフモフＳキャップ,0,0,4,2,4,99,0,13,44,-1,0,0,4,0,溜め短縮,3,耐寒,1,,,,,,,上質な毛皮,2,ポッケチケット,1,大猪の硬い皮,1,,
ユクモノカサ・天,0,0,4,1,4,99,0,26,88,0,0,1,0,0,達人,3,回避性能,1,,,,,,,ユクモの堅木,1,ユクモチケット,1,丸鳥の羽,5,,
ユクモノカサ・地,0,0,4,1,4,99,0,13,44,0,0,2,0,0,達人,4,回避性能,1,,,,,,,ユクモの堅木,1,ユクモチケット,1,丸鳥の羽,5,,
ハンターＳヘルム,0,0,4,0,4,99,0,26,88,0,0,0,0,0,狩人,3,高速設置,2,捕獲,2,,,,,ファンゴの上毛皮,2,マカライト鉱石,10,上竜骨,3,上質な毛皮,2
ハンターＳキャップ,0,0,4,0,4,99,0,13,44,0,0,0,0,0,狩人,3,高速設置,3,捕獲,2,,,,,ファンゴの上毛皮,2,マカライト鉱石,10,上竜骨,3,上質な毛皮,2
ハンターＲヘルム,0,0,4,1,6,99,0,22,84,0,0,0,0,0,闘魂,4,ガード性能,-4,,,,,,,獰猛化エキス,1,泡狐竜の上錦ヒレ,4,ドラグライト鉱石,10,獰猛化素材(上位pts),5
ハンターＲキャップ,0,0,4,1,6,99,0,11,42,0,0,0,0,0,闘魂,4,観察眼,1,反動,-4,,,,,獰猛化エキス,1,泡狐竜の上錦ヒレ,4,ドラグライト鉱石,10,獰猛化素材(上位pts),5
ボーンＳヘルム,0,0,4,1,4,99,0,30,92,0,0,0,-1,0,KO,4,鈍器,2,攻撃,-1,,,,,上質な鳥竜骨,2,竜骨【小】,3,なぞの頭骨,3,,
ボーンＳキャップ,0,0,4,1,4,99,0,15,46,0,0,0,-1,0,KO,4,変則射撃,2,攻撃,-1,,,,,上質な鳥竜骨,2,竜骨【小】,3,なぞの頭骨,3,,
混沌のパオ・覇,0,0,4,1,4,99,0,36,98,2,-2,0,0,0,特殊攻撃,4,特殊会心,-3,,,,,,,ファンゴの上毛皮,4,混沌茸,3,マンドラゴラ,2,交易チケット,1
混沌のヅァン・覇,0,0,4,1,4,99,0,18,49,4,-2,0,0,0,特殊攻撃,5,特殊会心,-3,,,,,,,ファンゴの上毛皮,4,混沌茸,3,マンドラゴラ,2,交易チケット,1
メルホアＳフロール,0,0,4,1,4,99,0,32,94,0,1,1,0,0,採取,2,,,,,,,,,王族カナブン,4,ドスビスカス,2,霜ふり草,10,忍耐の丸薬,3
メルホアＳブルーメ,0,0,4,1,4,99,0,16,47,0,1,1,0,0,採取,3,,,,,,,,,王族カナブン,4,ドスビスカス,2,霜ふり草,10,忍耐の丸薬,3
メルホアＵフロール,0,0,4,1,4,99,0,28,90,0,1,1,0,0,気まぐれ,6,採取,1,,,,,,,ノヴァクリスタル,1,ドスビスカス,2,霜ふり草,10,忍耐の丸薬,3
メルホアＵブルーメ,0,0,4,1,4,99,0,14,45,0,1,1,0,0,気まぐれ,6,採取,2,,,,,,,ノヴァクリスタル,1,ドスビスカス,2,霜ふり草,10,忍耐の丸薬,3
マカルパＳフード,0,0,4,1,4,99,0,36,98,1,2,-2,0,0,調合成功率,3,効果持続,2,,,,,,,砂竜の上ヒレ,4,春夜鯉,2,カジキマグロ,1,調合書②初級編,1
マカルパＳブランシ,0,0,4,1,4,99,0,18,49,1,3,-2,0,0,調合成功率,4,効果持続,2,,,,,,,砂竜の上ヒレ,4,春夜鯉,2,カジキマグロ,1,調合書②初級編,1
マカルパＵフード,0,0,4,1,5,99,0,32,94,1,2,-2,0,0,調合成功率,4,調合数,2,,,,,,,水竜の上ヒレ,4,春夜鯉,2,カジキマグロ,1,調合書③中級編,1
マカルパＵブランシ,0,0,4,1,5,99,0,16,47,1,3,-2,0,0,調合成功率,5,調合数,2,,,,,,,水竜の上ヒレ,4,春夜鯉,2,カジキマグロ,1,調合書③中級編,1
ビストロＳトック,0,0,4,1,4,99,0,34,96,3,1,0,2,0,食事,2,肉食,2,回復量,-1,,,,,白兎獣の剛毛,3,ビストロチケット,2,水生獣の上皮,4,元気ドリンコ,10
ビストロＳキャップ,0,0,4,1,4,99,0,17,48,4,1,0,3,0,食事,3,肉食,2,回復量,-1,,,,,白兎獣の剛毛,3,ビストロチケット,2,水生獣の上皮,4,元気ドリンコ,10
どんぐりＳヘルム,0,0,4,1,4,99,0,36,98,2,2,0,-2,0,采配,4,砲術,2,,,,,,,カブレライト鉱石,3,オトモチケット,2,紅蓮石,5,赤熱した火炎嚢,3
どんぐりＳキャップ,0,0,4,1,4,99,0,18,49,3,3,0,-2,0,采配,5,砲術,2,,,,,,,カブレライト鉱石,3,オトモチケット,2,紅蓮石,5,赤熱した火炎嚢,3
マギュルＳフロール,0,0,4,0,4,99,0,36,98,-3,1,0,2,0,火属性攻撃,6,,,,,,,,,王族カナブン,4,ペピポパンプキン,2,いにしえの秘薬,1,交易チケット,1
マギュルＳブルーメ,0,0,4,0,4,99,0,18,49,-3,2,0,3,0,火属性攻撃,7,,,,,,,,,王族カナブン,4,ペピポパンプキン,2,いにしえの秘薬,1,交易チケット,1
エーデルＳフロール,0,0,4,2,4,99,0,34,96,-1,3,-1,0,0,野草知識,3,広域,2,,,,,,,大水袋,2,星見の花,2,ベルナチケット,1,ユクモの堅木,2
エーデルＳブルーメ,0,0,4,2,4,99,0,17,48,-1,4,-1,0,0,野草知識,4,広域,2,,,,,,,大水袋,2,星見の花,2,ベルナチケット,1,ユクモの堅木,2
ムーファＳヘッド,0,0,4,1,4,99,0,32,94,-1,0,2,3,0,耐寒,3,雷属性攻撃,2,,,,,,,上質な毛皮,2,雲羊鹿の毛玉,5,雲羊鹿の角,4,カブレライト鉱石,6
ムーファＳウィッグ,0,0,4,1,4,99,0,16,47,-1,0,3,4,0,耐寒,4,雷属性攻撃,2,,,,,,,上質な毛皮,2,雲羊鹿の毛玉,5,雲羊鹿の角,4,カブレライト鉱石,6
ズワロフード,0,0,4,1,4,99,0,28,90,-2,2,0,-1,1,回復速度,3,水属性攻撃,2,,,,,,,垂皮竜の上皮,2,ファンゴの上毛皮,3,大猪の皮,3,,
ズワロフッド,0,0,4,1,4,99,0,14,45,-2,3,0,-1,1,水属性攻撃,3,回復速度,3,,,,,,,垂皮竜の上皮,2,ファンゴの上毛皮,3,大猪の皮,3,,
リモスＳフェイク,0,0,4,1,4,99,0,15,46,-2,2,-2,-2,0,千里眼,8,,,,,,,,,尖竜骨,2,首鳴竜の皮,10,跳狗竜の上赤皮,3,,
ガーグァＳフェイク,0,0,4,1,4,99,0,15,46,-3,-2,-2,1,0,観察眼,8,,,,,,,,,ユクモの堅木,2,丸鳥の羽,10,上質な毛皮,3,,
アイルーＳフェイク,0,0,4,1,4,99,0,15,46,2,2,2,0,2,爆弾強化,8,,,,,,,,,ネコ毛の紅玉,2,オトモチケット,2,肉球のスタンプ,5,ファンゴの頭,3
ランポスＳヘッド,0,0,4,0,4,99,0,20,82,1,2,1,1,1,運気,2,腹減り,-2,,,,,,,ランポスの大上皮,2,ドスランポスの頭,3,上質な鳥竜骨,4,カブレライト鉱石,5
ランポスＳフェイス,0,0,4,0,4,99,0,10,41,1,3,1,1,1,運気,3,腹減り,-2,,,,,,,ランポスの大上皮,2,ドスランポスの頭,3,上質な鳥竜骨,4,カブレライト鉱石,5
ゲネポスＳヘッド,0,0,4,0,4,99,0,20,82,1,1,2,1,1,運気,2,腹減り,-2,,,,,,,ゲネポスの大上皮,2,ドスゲネポスの頭,3,上質な鳥竜骨,4,カブレライト鉱石,5
ゲネポスＳフェイス,0,0,4,0,4,99,0,10,41,1,1,3,1,1,運気,3,腹減り,-2,,,,,,,ゲネポスの大上皮,2,ドスゲネポスの頭,3,上質な鳥竜骨,4,カブレライト鉱石,5
イーオスＳヘッド,0,0,4,0,5,99,0,20,82,2,1,1,1,1,運気,2,腹減り,-2,,,,,,,イーオスの大上皮,2,ドスイーオスの頭,3,翼蛇竜の上皮,3,カブレライト鉱石,5
イーオスＳフェイス,0,0,4,0,5,99,0,10,41,3,1,1,1,1,運気,3,腹減り,-2,,,,,,,イーオスの大上皮,2,ドスイーオスの頭,3,翼蛇竜の上皮,3,カブレライト鉱石,5
ガブラスＳヘッド,0,0,4,0,5,99,0,20,82,1,1,1,1,2,運気,2,腹減り,-2,,,,,,,翼蛇竜の上皮,2,翼蛇竜の頭,1,獄炎石,2,上質な鳥竜骨,4
ガブラスＳフェイス,0,0,4,0,5,99,0,10,41,1,1,1,1,3,運気,3,腹減り,-2,,,,,,,翼蛇竜の上皮,2,翼蛇竜の頭,1,獄炎石,2,上質な鳥竜骨,4
モスＳフェイク,0,0,4,1,4,99,0,19,50,0,0,0,0,0,茸食,2,,,,,,,,,ファンゴの上毛皮,4,モスの苔皮,2,上質な毛皮,3,ドスヘラクレス,3
リノプロＳヘルム,0,0,4,0,4,99,0,32,94,2,0,0,-2,0,砲術,6,,,,,,,,,草食竜の堅殻,3,草食竜の頭殻,1,氷結晶,3,,
リノプロＳキャップ,0,0,4,0,4,99,0,16,47,3,0,0,-2,0,砲術,7,,,,,,,,,草食竜の堅殻,3,草食竜の頭殻,1,氷結晶,3,,
ジャギィＳヘルム,0,0,4,0,4,99,0,28,90,-2,0,0,0,0,攻撃,3,火属性攻撃,2,防御,-2,,,,,ジャギィの上鱗,4,竜骨【小】,8,ギアノスの上皮,3,カブレライト鉱石,2
ジャギィＳキャップ,0,0,4,0,4,99,0,14,45,-2,0,0,0,0,攻撃,3,火属性攻撃,3,防御,-2,,,,,ジャギィの上鱗,4,竜骨【小】,8,ギアノスの上皮,3,カブレライト鉱石,2
マッカォＳヘルム,0,0,4,1,4,99,0,30,92,-2,0,0,0,0,跳躍,3,KO,2,,,,,,,跳狗竜の上鱗,3,王者の冠羽,3,王族カナブン,2,ノヴァクリスタル,1
マッカォＳキャップ,0,0,4,1,4,99,0,15,46,-2,1,1,1,1,跳躍,4,KO,2,,,,,,,跳狗竜の上鱗,3,王者の冠羽,3,王族カナブン,2,ノヴァクリスタル,1
ランポスＳヘルム,0,0,4,1,4,99,0,30,92,0,0,0,-2,0,気絶,3,麻痺,-2,,,,,,,ランポスの大上皮,2,ランポスの上鱗,4,ドスランポスの頭,1,カブレライト鉱石,3
ランポスＳキャップ,0,0,4,1,4,99,0,15,46,0,1,1,-2,0,気絶,4,麻痺,-2,,,,,,,ランポスの大上皮,2,ランポスの上鱗,4,ドスランポスの頭,1,カブレライト鉱石,3
ギアノスＳヘルム,0,0,4,0,4,99,0,30,92,0,0,-1,2,0,だるま,3,氷属性攻撃,3,睡眠,-2,,,,,ギアノスの上鱗,3,ギアノスの上皮,3,黒狼鳥の甲殻,1,カブレライト鉱石,3
ギアノスＳキャップ,0,0,4,0,4,99,0,15,46,0,0,-1,3,0,だるま,4,氷属性攻撃,3,睡眠,-2,,,,,ギアノスの上鱗,3,ギアノスの上皮,3,黒狼鳥の甲殻,1,カブレライト鉱石,3
ゲネポスＳヘルム,0,0,4,2,4,99,0,32,94,0,0,1,-2,0,麻痺,2,毒,-2,,,,,,,ゲネポスの大尖牙,2,ゲネポスの大上皮,3,ドスゲネポスの頭,1,カブレライト鉱石,3
ゲネポスＳキャップ,0,0,4,2,4,99,0,16,47,1,0,2,-2,0,麻痺,3,毒,-2,,,,,,,ゲネポスの大尖牙,2,ゲネポスの大上皮,3,ドスゲネポスの頭,1,カブレライト鉱石,3
EXゲネポスヘルム,0,0,4,1,5,99,0,36,98,0,0,1,-2,0,攻撃,2,特殊攻撃,2,属性攻撃,-2,,,,,虹色鉱石,1,ゲネポスの大上皮,4,ドスゲネポスの頭,2,ユニオン鉱石,4
EXゲネポスキャップ,0,0,4,1,5,99,0,18,49,1,0,2,-2,0,特殊攻撃,3,攻撃,2,属性攻撃,-2,,,,,虹色鉱石,1,ゲネポスの大上皮,4,ドスゲネポスの頭,2,ユニオン鉱石,4
イーオスＳヘルム,0,0,4,2,5,99,0,34,96,2,-1,-1,0,0,観察眼,3,,,,,,,,,イーオスの大上皮,3,イーオスの上皮,2,ドスイーオスの頭,1,猛毒袋,3
イーオスＳキャップ,0,0,4,2,5,99,0,17,48,3,-1,-1,0,0,観察眼,4,,,,,,,,,イーオスの大上皮,3,イーオスの上皮,2,ドスイーオスの頭,1,猛毒袋,3
EXイーオスヘルム,0,0,4,1,5,99,0,38,100,2,-1,-1,0,0,火耐性,3,根性,2,調合成功率,-2,,,,,虹色鉱石,1,イーオスの大上皮,4,ドスイーオスの頭,2,堅牢な骨,3
EXイーオスキャップ,0,0,4,1,5,99,0,19,50,3,-1,-1,0,0,火耐性,4,根性,2,調合成功率,-2,,,,,虹色鉱石,1,イーオスの大上皮,4,ドスイーオスの頭,2,堅牢な骨,3
ランゴＳヘルム,0,0,4,3,4,99,0,32,94,-2,1,1,1,2,特殊攻撃,1,属性攻撃,-2,,,,,,,ランゴスタの薄羽,2,ランゴスタの甲殻,4,ランゴスタの羽,2,モンスターの濃汁,1
ランゴＳキャップ,0,0,4,3,4,99,0,16,47,-2,2,2,2,3,特殊攻撃,2,属性攻撃,-2,,,,,,,ランゴスタの薄羽,2,ランゴスタの甲殻,4,ランゴスタの羽,2,モンスターの濃汁,1
EXランゴヘルム,0,0,4,1,5,99,0,36,98,-2,1,1,1,2,剣術,2,回避距離,2,体力,-2,,,,,虹色鉱石,1,ランゴスタの薄羽,3,徹甲虫の堅殻,2,モンスターの濃汁,3
EXランゴキャップ,0,0,4,1,5,99,0,18,49,-2,2,2,2,3,散弾強化,2,回避距離,2,体力,-2,,,,,虹色鉱石,1,ランゴスタの薄羽,3,徹甲虫の堅殻,2,モンスターの濃汁,3
タロスＳヘルム,0,0,4,1,4,99,0,36,98,-1,-1,-1,-1,4,龍属性攻撃,4,,,,,,,,,カンタロスの薄羽,1,カンタロスの堅殻,4,カンタロスの頭,3,モンスターの濃汁,1
タロスＳキャップ,0,0,4,1,4,99,0,18,49,-1,-1,-1,-1,6,龍属性攻撃,5,,,,,,,,,カンタロスの薄羽,1,カンタロスの堅殻,4,カンタロスの頭,3,モンスターの濃汁,1
EXタロスヘルム,0,0,4,1,5,99,0,40,102,-1,-1,-1,-1,4,龍属性攻撃,2,ガード性能,2,体術,-2,,,,,虹色鉱石,1,カンタロスの薄羽,3,徹甲虫の薄羽,2,モンスターの濃汁,3
EXタロスキャップ,0,0,4,1,5,99,0,20,51,-1,-1,-1,-1,6,龍属性攻撃,2,精密射撃,2,体術,-2,,,,,虹色鉱石,1,カンタロスの薄羽,3,徹甲虫の薄羽,2,モンスターの濃汁,3
タロスＲヘルム,0,0,4,2,6,99,0,32,94,-1,-1,-1,-1,4,龍耐性,7,,,,,,,,,獰猛な爪,1,カンタロスの薄羽,5,カンタロスの頭,3,獰猛化素材(上位pts),8
タロスＲキャップ,0,0,4,2,6,99,0,16,47,-1,-1,-1,-1,6,龍耐性,8,,,,,,,,,獰猛な爪,1,カンタロスの薄羽,5,カンタロスの頭,3,獰猛化素材(上位pts),8
ブナハＳハット,0,0,4,2,4,99,0,32,94,-2,0,0,0,2,斬れ味,2,火耐性,-2,,,,,,,飛甲虫の堅殻,2,飛甲虫の甲殻,3,モンスターの体液,4,王族カナブン,2
ブナハＳキャップ,0,0,4,2,4,99,0,16,47,-2,1,1,1,3,弾薬節約,2,火耐性,-2,,,,,,,飛甲虫の堅殻,2,飛甲虫の甲殻,3,モンスターの体液,4,王族カナブン,2
クンチュウＳヘルム,0,0,4,2,4,99,0,40,102,0,1,1,1,1,鈍器,3,ガード性能,2,体術,-2,,,,,盾虫の堅殻,4,とがった牙,5,カブレライト鉱石,1,王族カナブン,3
クンチュウＳキャップ,0,0,4,2,4,99,0,20,51,0,2,2,2,2,重撃弾強化,3,精密射撃,2,体術,-2,,,,,盾虫の堅殻,4,とがった牙,5,カブレライト鉱石,1,王族カナブン,3
ファンゴＳヘルム,0,0,4,1,4,99,0,36,98,0,2,-2,1,0,攻撃,3,底力,3,加護,-3,,,,,大猪の大牙,4,ファンゴの上毛皮,4,ファンゴの頭,3,黒狼鳥のたてがみ,3
ファンゴＳキャップ,0,0,4,1,4,99,0,18,49,0,3,-2,1,0,攻撃,4,底力,3,加護,-3,,,,,大猪の大牙,4,ファンゴの上毛皮,4,ファンゴの頭,3,黒狼鳥のたてがみ,3
ファンゴＳフェイク,0,0,4,0,4,99,0,20,51,0,4,-2,0,0,底力,8,加護,-3,,,,,,,ファンゴの上毛皮,5,ファンゴの頭,3,大猪の大牙,3,堅牢な骨,3
アシラＳヘルム,0,0,4,2,4,99,0,38,100,-2,0,-2,0,0,体術,3,,,,,,,,,青熊獣の堅殻,3,堅牢な骨,2,青熊獣の毛,3,ドスヘラクレス,3
アシラＳキャップ,0,0,4,2,4,99,0,19,50,-2,0,-2,0,0,体術,4,,,,,,,,,青熊獣の堅殻,3,堅牢な骨,2,青熊獣の毛,3,ドスヘラクレス,3
ガレオスＳヘルム,0,0,4,1,4,99,0,42,104,2,0,0,-3,0,耐暑,2,火耐性,2,水属性攻撃,2,,,,,砂竜の上ヒレ,3,砂竜の上鱗,2,砂竜の鋭牙,3,マカライト鉱石,10
ガレオスＳキャップ,0,0,4,1,4,99,0,21,52,2,0,0,-3,0,水属性攻撃,3,耐暑,2,火耐性,2,,,,,砂竜の上ヒレ,3,砂竜の上鱗,2,砂竜の鋭牙,3,マカライト鉱石,10
EXガレオスヘルム,0,0,4,0,5,99,0,46,108,2,0,0,-3,0,水属性攻撃,3,睡眠,2,耐震,2,,,,,虹色鉱石,1,砂竜の上鱗,4,古代魚,1,鉄鉱石,25
EXガレオスキャップ,0,0,4,0,5,99,0,23,54,2,0,0,-3,0,睡眠,3,水属性攻撃,3,耐震,2,,,,,虹色鉱石,1,砂竜の上鱗,4,古代魚,1,鉄鉱石,25
クックＳヘルム,0,0,4,0,4,99,0,44,106,3,-1,0,-3,0,攻撃,3,火属性攻撃,2,防御,-3,,,,,怪鳥の地獄耳,1,怪鳥の堅殻,2,怪鳥の翼膜,1,上質な鳥竜骨,4
クックＳキャップ,0,0,4,0,4,99,0,22,53,4,-1,0,-3,0,攻撃,3,火属性攻撃,3,防御,-3,,,,,怪鳥の地獄耳,1,怪鳥の堅殻,2,怪鳥の翼膜,1,上質な鳥竜骨,4
ケチャヘルム,0,0,4,0,4,99,0,44,106,-2,2,-1,0,1,気力回復,4,体術,2,スタミナ,-1,,,,,奇猿狐の剛毛,3,奇猿狐の堅長骨,3,堅牢な骨,1,上質な毛皮,2
ケチャキャップ,0,0,4,0,4,99,0,22,53,-2,3,-1,0,1,気力回復,5,体術,2,スタミナ,-1,,,,,奇猿狐の剛毛,3,奇猿狐の堅長骨,3,堅牢な骨,1,上質な毛皮,2
ウルクＳヘルム,0,0,4,1,4,99,0,40,102,-3,1,0,3,0,跳躍,3,回避性能,2,体力,-2,,,,,白兎獣の大耳,2,堅牢な骨,2,ギアノスの上皮,5,ノヴァクリスタル,2
ウルクＳキャップ,0,0,4,1,4,99,0,20,51,-3,1,0,4,0,跳躍,4,回避性能,2,体力,-2,,,,,白兎獣の大耳,2,堅牢な骨,2,ギアノスの上皮,5,ノヴァクリスタル,2
ゲリョスＳヘルム,0,0,4,0,4,99,0,46,108,-3,1,4,-1,0,毒,3,スタミナ,1,腹減り,-2,,,,,ゴム質の上皮,4,毒怪鳥の頭,1,モンスターの濃汁,3,ゲネポスの大尖牙,2
ゲリョスＳキャップ,0,0,4,0,4,99,0,23,54,-3,1,5,-1,0,毒,4,スタミナ,1,腹減り,-2,,,,,ゴム質の上皮,4,毒怪鳥の頭,1,モンスターの濃汁,3,ゲネポスの大尖牙,2
ゲリョスＲヘルム,0,0,4,0,6,99,0,42,104,-3,1,4,-1,0,毒,7,気絶,1,,,,,,,獰猛化毒怪鳥皮,1,ゴム質の上皮,5,猛毒袋,5,毒怪鳥素材(pts),8
ゲリョスＲキャップ,0,0,4,0,6,99,0,21,52,-3,1,5,-1,0,毒,7,気絶,2,,,,,,,獰猛化毒怪鳥皮,1,ゴム質の上皮,5,猛毒袋,5,毒怪鳥素材(pts),8
カブラＳヘルム,0,0,4,0,4,99,0,46,108,2,-3,-1,0,1,抜刀減気,3,耐震,2,睡眠,-3,,,,,鬼蛙の巨大牙,2,鬼蛙の堅殻,3,厳めしい頭骨,2,ドスヘラクレス,5
カブラＳキャップ,0,0,4,0,4,99,0,23,54,3,-3,-1,0,1,耐震,3,射法,3,睡眠,-3,,,,,鬼蛙の巨大牙,2,鬼蛙の堅殻,3,厳めしい頭骨,2,ドスヘラクレス,5
ザザミＳヘルム,0,0,4,0,4,99,0,48,110,-1,3,-3,0,1,防御,3,ガード性能,3,体術,-2,,,,,盾蟹の尖爪,1,盾蟹の堅殻,2,カブレライト鉱石,3,朽ちた真紅の角,3
ザザミＳキャップ,0,0,4,0,4,99,0,24,55,-1,4,-3,0,1,防御,3,反動,3,装填速度,-2,,,,,盾蟹の尖爪,1,盾蟹の堅殻,2,カブレライト鉱石,3,朽ちた真紅の角,3
EXザザミヘルム,0,0,4,1,7,99,0,52,114,-1,3,-3,0,1,ガード強化,3,窮地,1,スタミナ,-2,,,,,七色たんぽぽ,1,盾蟹の堅殻,4,朽ちた真紅の角,2,ゲネポスの大尖牙,3
EXザザミキャップ,0,0,4,1,7,99,0,26,57,-1,4,-3,0,1,強撃瓶追加,3,窮地,1,達人,-2,,,,,七色たんぽぽ,1,盾蟹の堅殻,4,朽ちた真紅の角,2,ゲネポスの大尖牙,3
ザザミＲヘルム,0,0,4,0,8,6,1,44,106,-1,3,-3,0,1,防御,5,攻撃,-4,,,,,,,獰猛化盾蟹殻,1,盾蟹の尖爪,4,朽ちた真紅の角,5,盾蟹素材(pts),8
ザザミＲキャップ,0,0,4,0,8,6,1,22,53,-1,4,-3,0,1,防御,6,攻撃,-4,,,,,,,獰猛化盾蟹殻,1,盾蟹の尖爪,4,朽ちた真紅の角,5,盾蟹素材(pts),8
ラングロＳヘルム,0,0,4,0,5,99,0,46,108,2,-3,0,-1,1,溜め短縮,4,細菌学,2,気力回復,-2,,,,,赤甲獣の尖爪,3,赤甲獣の堅殻,3,モンスターの濃汁,3,紅蓮石,2
ラングロＳキャップ,0,0,4,0,5,99,0,23,54,3,-3,0,-1,1,溜め短縮,4,細菌学,3,気力回復,-2,,,,,赤甲獣の尖爪,3,赤甲獣の堅殻,3,モンスターの濃汁,3,紅蓮石,2
ルドロスＳヘルム,0,0,4,1,4,99,0,46,108,-3,4,-1,0,0,スタミナ,3,気力回復,1,回避性能,-2,,,,,高級なトサカ,2,水獣の上鱗,3,水獣の尻尾,1,大水袋,2
ルドロスＳキャップ,0,0,4,1,4,99,0,23,54,-3,5,-1,0,0,スタミナ,3,気力回復,2,回避性能,-2,,,,,高級なトサカ,2,水獣の上鱗,3,水獣の尻尾,1,大水袋,2
ルドロスＲヘルム,0,0,4,0,6,99,0,42,104,-3,4,-1,0,0,気力回復,3,回避性能,-3,,,,,,,獰猛化水獣鱗,1,水獣の上鱗,5,獰猛な水袋,1,水獣素材(pts),8
ルドロスＲキャップ,0,0,4,0,6,99,0,21,52,-3,5,-1,0,0,気力回復,4,回避性能,-3,,,,,,,獰猛化水獣鱗,1,水獣の上鱗,5,獰猛な水袋,1,水獣素材(pts),8
エコールフード,2,0,4,0,4,99,0,44,106,0,0,0,0,0,千里眼,4,狂撃耐性,1,食事,-2,,,,,ベルナチケット,1,上質な毛皮,2,純白の龍鱗,5,奇猿狐の剛毛,3
エコールキャップ,2,0,4,0,4,99,0,22,53,0,0,0,0,0,千里眼,4,狂撃耐性,2,食事,-2,,,,,ベルナチケット,1,上質な毛皮,2,純白の龍鱗,5,奇猿狐の剛毛,3
アロイＳヘルム,0,0,5,0,5,99,0,40,102,-1,0,-1,-1,0,風圧,3,研ぎ師,3,達人,3,,,,,ユニオン鉱石,1,カブレライト鉱石,3,ドラグライト鉱石,5,円盤石,3
アロイＳキャップ,0,0,5,0,5,99,0,20,51,-1,0,-1,-1,0,風圧,3,装填速度,3,達人,3,,,,,ユニオン鉱石,1,カブレライト鉱石,3,ドラグライト鉱石,5,円盤石,3
アロイＲヘルム,0,0,5,0,6,99,0,36,98,-1,0,-1,-1,0,達人,6,,,,,,,,,獰猛化狩猟の証Ⅰ,1,ユニオン鉱石,5,海竜の上鱗,5,獰猛化素材(上位pts),5
アロイＲキャップ,0,0,5,0,6,99,0,18,49,-1,0,-1,-1,0,達人,7,,,,,,,,,獰猛化狩猟の証Ⅰ,1,ユニオン鉱石,5,海竜の上鱗,5,獰猛化素材(上位pts),5
バトルＳヘルム,0,0,5,1,5,99,0,44,106,1,-1,-1,0,0,盗み無効,2,攻撃,2,,,,,,,ユニオン鉱石,4,翼蛇竜の上皮,2,盾虫の堅殻,4,上竜骨,2
バトルＳキャップ,0,0,5,1,5,99,0,22,53,2,-1,-1,0,0,攻撃,3,盗み無効,2,,,,,,,ユニオン鉱石,4,翼蛇竜の上皮,2,盾虫の堅殻,4,上竜骨,2
インゴットＳヘルム,0,0,5,1,5,99,0,48,110,-1,-1,1,0,0,氷属性攻撃,4,,,,,,,,,獄炎石,2,ノヴァクリスタル,1,ドラグライト鉱石,3,竜玉,1
インゴットＳキャップ,0,0,5,1,5,99,0,24,55,-1,-1,2,0,0,氷属性攻撃,5,,,,,,,,,獄炎石,2,ノヴァクリスタル,1,ドラグライト鉱石,3,竜玉,1
インゴットＲヘルム,0,0,5,0,6,99,0,44,106,-1,-1,1,0,0,風圧,4,運気,-2,,,,,,,獰猛な牙,1,獄炎石,4,爆鎚竜の上鱗,5,獰猛化素材(上位pts),5
インゴットＲキャップ,0,0,5,0,6,99,0,22,53,-1,-1,2,0,0,風圧,5,運気,-2,,,,,,,獰猛な牙,1,獄炎石,4,爆鎚竜の上鱗,5,獰猛化素材(上位pts),5
ハイメタＳヘルム,0,0,5,1,5,99,0,46,108,0,-1,2,-1,0,聴覚保護,3,雷耐性,2,加護,-3,,,,,ユニオン鉱石,5,ノヴァクリスタル,1,王族カナブン,2,溶岩塊,2
ハイメタＳキャップ,0,0,5,0,5,99,0,23,54,0,-1,3,-1,0,聴覚保護,4,雷耐性,2,加護,-3,,,,,ユニオン鉱石,5,ノヴァクリスタル,1,王族カナブン,2,溶岩塊,2
ハイメタＵヘルム,0,0,5,0,5,99,0,42,104,0,-1,2,-1,0,聴覚保護,6,加護,-3,,,,,,,溶岩竜の上鱗,2,カブレライト鉱石,2,キラビートル,4,怪鳥の堅殻,4
ハイメタＵキャップ,0,0,5,0,5,99,0,21,52,0,-1,3,-1,0,聴覚保護,7,加護,-3,,,,,,,溶岩竜の上鱗,2,カブレライト鉱石,2,キラビートル,4,怪鳥の堅殻,4
キングロブスタヘルム,0,0,5,1,5,99,0,48,110,-1,4,-1,-1,-1,泡沫,2,節食,2,雷耐性,-3,,,,,エビの大殻,1,エビの小殻,3,水竜の上ヒレ,2,溶岩竜の鋭牙,4
Ｋ・ロブスタキャップ,0,0,5,1,5,99,0,24,55,-1,5,-1,-1,-1,節食,3,泡沫,2,雷耐性,-3,,,,,エビの大殻,1,エビの小殻,3,水竜の上ヒレ,2,溶岩竜の鋭牙,4
オウビートＳテスタ,1,0,5,1,5,99,0,50,112,2,-2,2,-2,3,攻撃,4,体術,2,スタミナ,-1,,,,,マレコガネ,3,オオツノアゲハ,2,超電雷光虫,5,爆炎袋,3
オウビートＳカプト,1,0,5,1,5,99,0,25,56,3,-2,2,-2,4,攻撃,4,体術,3,スタミナ,-1,,,,,マレコガネ,3,オオツノアゲハ,2,超電雷光虫,5,爆炎袋,3
パピメルＳテスタ,2,0,5,1,5,99,0,50,112,2,-2,2,-2,3,攻撃,4,体術,2,スタミナ,-1,,,,,マレコガネ,3,オオツノアゲハ,2,超電雷光虫,5,爆炎袋,3
パピメルＳカプト,2,0,5,1,5,99,0,25,56,3,-2,2,-2,4,攻撃,4,体術,3,スタミナ,-1,,,,,マレコガネ,3,オオツノアゲハ,2,超電雷光虫,5,爆炎袋,3
デスギアＳゲヒル,0,0,5,1,5,99,0,48,110,2,1,1,-1,0,狂撃耐性,2,龍属性攻撃,2,回避性能,-2,,,,,禍々しい闇布,1,禍々しい布,2,溶岩竜の鋭牙,4,古龍骨,3
デスギアＳゼレ,0,0,5,1,5,99,0,24,55,3,1,1,-1,0,狂撃耐性,3,龍属性攻撃,2,回避性能,-2,,,,,禍々しい闇布,1,禍々しい布,2,溶岩竜の鋭牙,4,古龍骨,3
デスギアＲゲヒル,0,0,5,0,7,99,0,44,106,2,1,1,-1,0,狂撃耐性,4,回避性能,-3,,,,,,,獰猛な鋭牙,1,禍々しい闇布,1,轟竜の尖爪,4,獰猛化素材(上位pts),8
デスギアＲゼレ,0,0,5,0,7,99,0,22,53,3,1,1,-1,0,狂撃耐性,5,回避性能,-3,,,,,,,獰猛な鋭牙,1,禍々しい闇布,1,轟竜の尖爪,4,獰猛化素材(上位pts),8
ヴァイクＳヘルム,0,0,5,2,5,99,0,46,108,0,3,-2,-1,0,水属性攻撃,2,斬れ味,2,,,,,,,ユニオン鉱石,2,ヨロイシダイ,2,水竜の上ヒレ,3,ドス大食いマグロ,2
ヴァイクＳキャップ,0,0,5,2,5,99,0,23,54,0,4,-2,-1,0,弾薬節約,3,水属性攻撃,2,,,,,,,ユニオン鉱石,2,ヨロイシダイ,2,水竜の上ヒレ,3,ドス大食いマグロ,2
ロワーガＳテスタ,1,0,5,0,5,99,0,48,110,-2,0,3,-2,2,達人,5,会心強化,2,攻撃,-2,,,,,マレコガネ,3,オオクワアゲハ,2,徹甲虫の尖角,2,光蟲,10
ロワーガＳカプト,1,0,5,0,5,99,0,24,55,-2,0,3,-2,3,達人,6,会心強化,2,攻撃,-2,,,,,マレコガネ,3,オオクワアゲハ,2,徹甲虫の尖角,2,光蟲,10
ファルメルＳテスタ,2,0,5,0,5,99,0,48,110,-2,0,3,-2,2,達人,5,会心強化,2,攻撃,-2,,,,,マレコガネ,3,オオクワアゲハ,2,徹甲虫の尖角,2,光蟲,10
ファルメルＳカプト,2,0,5,0,5,99,0,24,55,-2,0,3,-2,3,達人,6,会心強化,2,攻撃,-2,,,,,マレコガネ,3,オオクワアゲハ,2,徹甲虫の尖角,2,光蟲,10
パティシエトック,0,0,5,1,5,99,0,44,106,2,0,0,2,-2,炎熱適応,2,効果持続,2,腹減り,-2,,,,,マレコガネ,2,ビストロチケット,2,ブランゴの剛毛,4,高級お食事券,1
パティシエキャップ,0,0,5,1,5,99,0,22,53,4,0,0,2,-2,効果持続,3,炎熱適応,2,腹減り,-2,,,,,マレコガネ,2,ビストロチケット,2,ブランゴの剛毛,4,高級お食事券,1
スカルダＳテスタ,1,0,5,1,5,99,0,48,110,3,-1,-1,-1,3,本気,2,特殊会心,1,攻撃,-1,,,,,オオ毒クモリ,1,毒クモリ,2,飛甲虫の堅殻,3,強力麻痺袋,4
スカルダＳカプト,1,0,5,1,5,99,0,24,55,4,-1,-1,-1,3,特殊会心,2,本気,2,攻撃,-1,,,,,オオ毒クモリ,1,毒クモリ,2,飛甲虫の堅殻,3,強力麻痺袋,4
スパイオＳテスタ,2,0,5,1,5,99,0,48,110,3,-1,-1,-1,3,本気,2,特殊会心,1,攻撃,-1,,,,,オオ毒クモリ,1,毒クモリ,2,飛甲虫の堅殻,3,強力麻痺袋,4
スパイオＳカプト,2,0,5,1,5,99,0,24,55,4,-1,-1,-1,3,特殊会心,2,本気,2,攻撃,-1,,,,,オオ毒クモリ,1,毒クモリ,2,飛甲虫の堅殻,3,強力麻痺袋,4
ホロロＳヘルム,0,0,5,0,5,99,0,44,106,-2,-2,1,1,0,睡眠,4,痛撃,2,観察眼,1,,,,,夜鳥の上羽鱗,4,夜鳥の耳,3,ノヴァクリスタル,2,跳狗竜の上鱗,6
ホロロＳキャップ,0,0,5,0,5,99,0,22,53,-1,-2,1,1,0,睡眠,4,痛撃,3,観察眼,1,,,,,夜鳥の上羽鱗,4,夜鳥の耳,3,ノヴァクリスタル,2,跳狗竜の上鱗,6
ザボアヘルム,0,0,5,1,5,99,0,46,108,-2,3,-4,4,0,ガード性能,3,寒冷適応,2,火耐性,-2,,,,,化け鮫の上鱗,2,化け鮫の上皮,4,化け鮫の鋸歯,2,肉厚な上皮,3
ザボアキャップ,0,0,5,1,5,99,0,23,54,-2,3,-4,5,0,反動,3,寒冷適応,2,火耐性,-2,,,,,化け鮫の上鱗,2,化け鮫の上皮,4,化け鮫の鋸歯,2,肉厚な上皮,3
フルフルＳヘルム,0,0,5,0,5,99,0,50,112,-4,1,4,2,1,回復速度,4,回復量,1,,,,,,,真珠色の柔皮,2,尖竜骨,2,ドラグライト鉱石,8,モンスターの濃汁,3
フルフルＳキャップ,0,0,5,0,5,99,0,25,56,-4,1,5,2,1,回復速度,5,回復量,1,,,,,,,真珠色の柔皮,2,尖竜骨,2,ドラグライト鉱石,8,モンスターの濃汁,3
フルフルＲヘルム,0,0,5,0,6,99,0,46,108,-4,1,4,2,1,回復量,4,調合成功率,-2,,,,,,,獰猛化白柔皮,1,真珠色の柔皮,5,電撃袋,5,フルフル素材(pts),8
フルフルＲキャップ,0,0,5,0,6,99,0,23,54,-4,1,5,2,1,回復量,5,調合成功率,-2,,,,,,,獰猛化白柔皮,1,真珠色の柔皮,5,電撃袋,5,フルフル素材(pts),8
レイアＳヘルム,0,0,5,1,5,99,0,50,112,3,0,-2,0,-3,体力,3,回復量,1,回復速度,-1,,,,,雌火竜の上棘,2,雌火竜の堅殻,4,雌火竜の鱗,4,爆炎袋,3
レイアＳキャップ,0,0,5,1,5,99,0,25,56,4,0,-2,0,-3,体力,3,回復量,2,回復速度,-1,,,,,雌火竜の上棘,2,雌火竜の堅殻,4,雌火竜の鱗,4,爆炎袋,3
EXレイアヘルム,0,0,5,1,8,6,1,54,116,3,0,-2,0,-3,野草知識,2,回復量,1,気配,-2,,,,,EX火竜チケット,1,雌火竜の上棘,3,火竜の骨髄,1,爆炎袋,2
EXレイアキャップ,0,0,5,1,8,6,1,27,58,4,0,-2,0,-3,回復量,2,野草知識,2,気配,-2,,,,,EX火竜チケット,1,雌火竜の上棘,3,火竜の骨髄,1,爆炎袋,2
レイアＲヘルム,0,0,5,1,6,99,0,46,108,3,0,-2,0,-3,体力,5,,,,,,,,,獰猛化雌火竜鱗,1,雌火竜の上鱗,5,雌火竜の上棘,3,雌火竜素材(pts),8
レイアＲキャップ,0,0,5,1,6,99,0,23,54,4,0,-2,0,-3,体力,6,,,,,,,,,獰猛化雌火竜鱗,1,雌火竜の上鱗,5,雌火竜の上棘,3,雌火竜素材(pts),8
ハプルＳヘルム,0,0,5,0,5,99,0,50,112,2,0,-1,-3,1,食事,4,,,,,,,,,潜口竜の堅殻,4,潜口竜の頭殻,4,潜口竜の上皮,2,イーオスの上鱗,5
ハプルＳキャップ,0,0,5,1,5,99,0,25,56,3,0,-1,-3,1,食事,4,,,,,,,,,潜口竜の堅殻,4,潜口竜の頭殻,4,潜口竜の上皮,2,イーオスの上鱗,5
ガノスヘルム,0,0,5,0,5,99,0,52,114,-2,4,-4,2,1,捕獲,3,乗り,2,跳躍,2,,,,,水竜の上鱗,4,砂竜の上鱗,3,バクレツアロワナ,3,モンスターの濃汁,2
ガノスキャップ,0,0,5,0,5,99,0,26,57,-2,5,-4,2,1,乗り,3,捕獲,3,跳躍,2,,,,,水竜の上鱗,4,砂竜の上鱗,3,バクレツアロワナ,3,モンスターの濃汁,2
ブランゴＳヘルム,0,0,5,0,5,99,0,50,112,-4,1,0,4,0,氷属性攻撃,3,納刀,2,体術,2,,,,,雪獅子の剛毛,3,雪獅子の鋭牙,1,獣骨,4,ランポスの大上皮,3
ブランゴＳキャップ,0,0,5,0,5,99,0,25,56,-4,1,0,5,0,氷属性攻撃,3,体術,3,納刀,2,,,,,雪獅子の剛毛,3,雪獅子の鋭牙,1,獣骨,4,ランポスの大上皮,3
EXブランゴヘルム,0,0,5,0,7,99,0,54,116,-4,1,0,4,0,溜め短縮,3,体術,2,スタミナ,-2,,,,,七色たんぽぽ,1,雪獅子の剛毛,3,堅竜骨,2,上質な毛皮,5
EXブランゴキャップ,0,0,5,0,7,99,0,27,58,-4,1,0,5,0,溜め短縮,3,体術,3,スタミナ,-2,,,,,七色たんぽぽ,1,雪獅子の剛毛,3,堅竜骨,2,上質な毛皮,5
ラヴァヘルム,0,0,5,0,5,99,0,56,118,4,-4,0,0,1,根性,3,窮地,2,,,,,,,溶岩竜の堅殻,3,溶岩竜の鋭牙,3,溶岩竜の上鱗,4,翼蛇竜の皮,4
ラヴァキャップ,0,0,5,0,5,99,0,28,59,5,-4,0,0,1,窮地,3,根性,3,,,,,,,溶岩竜の堅殻,3,溶岩竜の鋭牙,3,溶岩竜の上鱗,4,翼蛇竜の皮,4
EXラヴァヘルム,0,0,5,0,8,99,0,60,122,4,-4,0,0,1,逆境,3,窮地,2,,,,,,,EX溶岩竜チケット,1,溶岩竜の上鱗,5,溶岩竜の上ヒレ,4,モンスターの体液,5
EXラヴァキャップ,0,0,5,0,8,99,0,30,61,5,-4,0,0,1,逆境,3,窮地,3,,,,,,,EX溶岩竜チケット,1,溶岩竜の上鱗,5,溶岩竜の上ヒレ,4,モンスターの体液,5
ギザミＳヘルム,0,0,5,1,5,99,0,48,110,1,2,-1,-1,0,達人,6,斬れ味,1,,,,,,,鎌蟹の尖爪,2,鎌蟹の堅殻,2,鎌蟹の甲殻,5,王族カナブン,5
ギザミＳキャップ,0,0,5,1,5,99,0,24,55,2,2,-1,-1,0,達人,6,弾薬節約,1,,,,,,,鎌蟹の尖爪,2,鎌蟹の堅殻,2,鎌蟹の甲殻,5,王族カナブン,5
EXギザミヘルム,0,0,5,1,7,99,0,52,114,1,2,-1,-1,0,達人,5,匠,1,雷耐性,-2,,,,,七色たんぽぽ,1,鎌蟹の堅殻,4,鎌蟹の尖爪,2,鎌蟹の甲殻,5
EXギザミキャップ,0,0,5,1,7,99,0,26,57,2,2,-1,-1,0,達人,5,通常弾強化,1,雷耐性,-2,,,,,七色たんぽぽ,1,鎌蟹の堅殻,4,鎌蟹の尖爪,2,鎌蟹の甲殻,5
ギザミＲヘルム,0,0,5,1,6,99,0,44,106,1,2,-1,-1,0,匠,3,達人,2,,,,,,,獰猛化鎌蟹殻,1,鎌蟹の尖爪,3,竜頭殻,5,鎌蟹素材(pts),8
ギザミＲキャップ,0,0,5,1,6,99,0,22,53,2,2,-1,-1,0,通常弾強化,3,達人,2,,,,,,,獰猛化鎌蟹殻,1,鎌蟹の尖爪,3,竜頭殻,5,鎌蟹素材(pts),8
ガララＳヘルム,0,0,5,1,5,99,0,56,118,1,-1,0,-3,1,聴覚保護,4,麻痺,1,捕獲,1,,,,,絞蛇竜の上鳴甲,3,絞蛇竜の堅殻,4,寒気立つクチバシ,2,ゲネポスの上鱗,4
ガララＳキャップ,0,0,5,1,5,99,0,28,59,1,-1,1,-3,1,聴覚保護,4,捕獲,2,麻痺,1,,,,,絞蛇竜の上鳴甲,3,絞蛇竜の堅殻,4,寒気立つクチバシ,2,ゲネポスの上鱗,4
ナルガＳヘルム,0,0,5,1,5,99,0,40,102,-2,1,-3,1,1,回避距離,3,達人,2,回避性能,2,,,,,迅竜の上黒毛,5,迅竜の尾棘,5,迅竜の鋭刃翼,2,青熊獣の剛毛,6
ナルガＳキャップ,0,0,5,1,5,99,0,20,51,-2,1,-2,1,1,達人,3,回避距離,3,回避性能,2,,,,,迅竜の上黒毛,5,迅竜の尾棘,5,迅竜の鋭刃翼,2,青熊獣の剛毛,6
ガルルガＳヘルム,0,0,5,0,5,99,0,56,118,2,-1,2,0,0,剣術,3,聴覚保護,2,採取,-2,,,,,黒狼鳥の地獄耳,2,イカしたクチバシ,2,黒狼鳥の堅殻,3,黒狼鳥のたてがみ,4
ガルルガＳキャップ,0,0,5,0,5,99,0,28,59,3,-1,2,0,0,変則射撃,3,聴覚保護,2,採取,-2,,,,,黒狼鳥の地獄耳,2,イカしたクチバシ,2,黒狼鳥の堅殻,3,黒狼鳥のたてがみ,4
ガルルガＳフェイク,0,0,5,0,5,99,0,30,61,3,-1,2,0,0,聴覚保護,7,,,,,,,,,イカしたクチバシ,2,黒狼鳥の地獄耳,2,黒狼鳥のたてがみ,6,獄炎石,1
ガンキンＳヘルム,0,0,5,0,5,99,0,64,126,3,-4,0,-1,-2,裂傷,5,防御,3,,,,,,,爆鎚竜の堅殻,4,爆鎚竜の上鱗,5,溶岩塊,3,赤甲獣の堅殻,3
ガンキンＳキャップ,0,0,5,0,5,99,0,32,63,4,-4,0,-1,-2,裂傷,6,防御,3,,,,,,,爆鎚竜の堅殻,4,爆鎚竜の上鱗,5,溶岩塊,3,赤甲獣の堅殻,3
クロオビＳヘルム,0,0,5,3,5,99,0,50,112,3,3,3,3,3,,,,,,,,,,,タツジンチケット,1,ガノスコイン,2,マレコガネ,1,,
クロオビＳキャップ,0,0,5,3,5,99,0,25,56,3,3,3,3,4,,,,,,,,,,,タツジンチケット,1,ガノスコイン,2,マレコガネ,1,,
ガーディアンヘルム,1,0,5,0,5,6,1,50,112,0,0,0,0,0,研ぎ師,4,ガード性能,1,気配,-2,,,,,ココットチケット,1,ノヴァクリスタル,2,海竜の鱗,3,水竜の上鱗,4
ガーディアンマスク,1,0,5,0,5,6,1,25,56,0,0,0,0,0,装填速度,4,ガード性能,1,気配,-2,,,,,ココットチケット,1,ノヴァクリスタル,2,海竜の鱗,3,水竜の上鱗,4
ガーディアンＵヘルム,1,0,5,0,5,6,1,54,116,0,0,0,0,0,砲術,4,ガード性能,1,気配,-2,,,,,ココットチケット,1,ノヴァクリスタル,2,火竜の鱗,3,水竜の上鱗,4
ガーディアンＵマスク,1,0,5,0,5,6,1,27,58,0,0,0,0,0,反動,4,ガード性能,1,気配,-2,,,,,ココットチケット,1,ノヴァクリスタル,2,火竜の鱗,3,水竜の上鱗,4
スカラーフード,2,0,5,0,5,99,0,48,110,0,0,0,0,0,笛,4,回避性能,1,気配,-2,,,,,ユクモチケット,1,龍歴院チケット,1,高級なトサカ,4,カブレライト鉱石,5
スカラーベレー,2,0,5,0,5,99,0,24,55,0,0,0,0,0,精密射撃,4,回避性能,1,気配,-2,,,,,ユクモチケット,1,龍歴院チケット,1,高級なトサカ,4,カブレライト鉱石,5
セイラーフード,2,0,5,0,5,99,0,48,110,0,0,0,0,0,溜め短縮,4,回避性能,1,気配,-2,,,,,ユクモチケット,1,龍歴院チケット,1,水竜の上鱗,4,砕竜の頭殻,2
セイラーキャップ,2,0,5,0,5,99,0,24,55,0,0,0,0,0,溜め短縮,4,回避性能,2,気配,-2,,,,,ユクモチケット,1,龍歴院チケット,1,水竜の上鱗,4,砕竜の頭殻,2
高級ユアミタオル,0,0,5,1,5,99,0,15,46,-2,-2,-2,-2,0,剥ぎ取り,3,泡沫,2,,,,,,,雪獅子の剛毛,2,足湯チケット,1,ブランゴの剛毛,2,希望の証,2
ホクシン【添髪】,0,0,5,1,5,99,0,52,114,-2,4,-2,3,2,北辰納豆流,3,攻撃,-3,,,,,,,ココットチケット,1,交易チケット,1,真珠色の柔皮,4,厳めしい頭骨,2
カイエン【添髪】,0,0,5,2,5,99,0,26,57,-2,5,-2,3,2,北辰納豆流,3,攻撃,-2,,,,,,,ココットチケット,1,交易チケット,1,真珠色の柔皮,4,厳めしい頭骨,2
知略の眼鏡,0,0,5,0,5,99,0,23,54,0,0,0,0,6,調合数,8,,,,,,,,,ベルナチケット,1,ノヴァクリスタル,5,獄炎石,3,,
ブレイブＳヘルム,0,0,6,2,7,6,1,48,110,0,0,0,0,0,火属性攻撃,3,闘魂,2,,,,,,,ベルナチケット,1,勇気の証Ｇ,1,上質な毛皮,2,ランポスの上鱗,8
ブレイブＳキャップ,0,0,6,2,7,6,1,24,55,1,1,1,1,1,火属性攻撃,3,闘魂,3,,,,,,,ベルナチケット,1,勇気の証Ｇ,1,上質な毛皮,2,ランポスの上鱗,8
ドーベルヘルム,0,0,6,2,6,99,0,54,116,-2,0,0,0,4,龍属性攻撃,3,属性耐性,2,,,,,,,堅竜骨,2,いにしえの龍骨,2,尾槌竜の尖角,1,上竜骨,5
ドーベルキャップ,0,0,6,2,6,99,0,27,58,-2,0,0,0,5,龍属性攻撃,4,属性耐性,2,,,,,,,堅竜骨,2,いにしえの龍骨,2,尾槌竜の尖角,1,上竜骨,5
ダマスクヘルム,0,0,6,0,8,99,0,60,122,-1,2,-3,1,-1,無心,3,抜刀会心,2,,,,,,,骸龍の青斑皮,2,金火竜の上鱗,4,金火竜の上棘,1,骸頭骨,2
ダマスクキャップ,0,0,6,0,8,99,0,30,61,-1,2,-3,1,-1,無心,3,貫通弾強化,2,,,,,,,骸龍の青斑皮,2,金火竜の上鱗,4,金火竜の上棘,1,骸頭骨,2
ダマスクＲヘルム,0,0,6,0,8,99,0,56,118,-1,2,-3,1,-1,無心,4,,,,,,,,,獰猛化狩猟の証Ⅲ,1,獰猛化火竜鱗,2,堅骸体殻,5,獰猛化素材(上位pts),8
ダマスクＲキャップ,0,0,6,0,8,99,0,28,59,-1,2,-3,1,-1,無心,4,貫通弾強化,1,,,,,,,獰猛化狩猟の証Ⅲ,1,獰猛化火竜鱗,2,堅骸体殻,5,獰猛化素材(上位pts),8
スカルＳヘッド,0,1,6,0,7,99,0,40,102,-3,-3,-3,-3,2,胴系統倍加,1,,,,,,,,,勇気の証Ｇ,1,なぞの頭骨,5,なぞの骨,10,獄炎石,5
スカルＳフェイス,0,2,6,0,7,99,0,20,51,-3,-3,-3,-3,4,胴系統倍加,1,,,,,,,,,勇気の証Ｇ,1,なぞの頭骨,5,なぞの骨,10,獄炎石,5
アーティアＳヘルム,0,0,6,3,6,99,0,60,122,1,-2,-2,2,3,,,,,,,,,,,太古の破片,1,さびた破片,2,獄炎石,3,ドラグライト鉱石,4
アーティアＳキャップ,0,0,6,3,6,99,0,30,61,3,-2,-2,2,3,雷属性攻撃,1,,,,,,,,,太古の破片,1,さびた破片,2,獄炎石,3,ドラグライト鉱石,4
アーティアＲヘルム,0,0,6,0,7,99,0,56,118,1,-2,-2,2,3,高速設置,7,,,,,,,,,獰猛化狩猟の証Ⅱ,1,太古の破片,1,獄炎石,8,獰猛化素材(上位pts),8
アーティアＲキャップ,0,0,6,0,7,99,0,28,59,3,-2,-2,2,3,高速設置,8,,,,,,,,,獰猛化狩猟の証Ⅱ,1,太古の破片,1,獄炎石,8,獰猛化素材(上位pts),8
セルタスヘルム,0,0,6,0,6,99,0,60,122,-3,4,-2,-2,5,斬れ味,3,砲術,2,英雄の盾,2,,,,,重甲虫の堅殻,5,重甲虫の大顎,3,重甲虫の円月尾,2,徹甲虫の尖角,1
セルタスキャップ,0,0,6,0,6,99,0,30,61,-3,4,-2,-2,6,弾薬節約,3,砲術,2,英雄の盾,2,,,,,重甲虫の堅殻,5,重甲虫の大顎,3,重甲虫の円月尾,2,徹甲虫の尖角,1
レウスＳヘルム,0,0,6,0,6,99,0,58,120,4,0,-2,0,-4,痛撃,4,攻撃,3,,,,,,,火竜の上鱗,3,火竜の堅殻,3,爆炎袋,3,尖竜骨,3
レウスＳキャップ,0,0,6,0,6,99,0,29,60,5,0,-2,0,-4,攻撃,4,痛撃,4,,,,,,,火竜の上鱗,3,火竜の堅殻,3,爆炎袋,3,尖竜骨,3
EXレウスヘルム,0,0,6,0,8,6,1,62,124,4,0,-2,0,-4,炎熱適応,4,底力,2,加護,-2,,,,,EX火竜チケット,1,火竜の翼,5,火竜の骨髄,1,爆炎袋,2
EXレウスキャップ,0,0,6,0,8,6,1,31,62,5,0,-2,0,-4,炎熱適応,4,底力,3,加護,-2,,,,,EX火竜チケット,1,火竜の翼,5,火竜の骨髄,1,爆炎袋,2
レウスＲヘルム,0,0,6,0,7,99,0,54,116,4,0,-2,0,-4,痛撃,5,,,,,,,,,獰猛化火竜鱗,1,火竜の上鱗,5,火竜の骨髄,1,雄火竜素材(pts),8
レウスＲキャップ,0,0,6,0,7,99,0,27,58,5,0,-2,0,-4,痛撃,6,,,,,,,,,獰猛化火竜鱗,1,火竜の上鱗,5,火竜の骨髄,1,雄火竜素材(pts),8
ラギアＳヘルム,0,0,6,1,6,99,0,58,120,-3,2,4,-1,-2,属性攻撃,2,気力回復,2,,,,,,,海竜の尖角,2,海竜の上皮,4,海竜の角,2,海竜の鱗,4
ラギアＳキャップ,0,0,6,1,6,99,0,29,60,-3,2,5,-1,-2,気力回復,3,属性攻撃,2,,,,,,,海竜の尖角,2,海竜の上皮,4,海竜の角,2,海竜の鱗,4
ラギアＲヘルム,0,0,6,0,7,99,0,54,116,-3,2,4,-1,-2,属性攻撃,4,,,,,,,,,獰猛化海竜皮,1,海竜の上鱗,5,獰猛な尖角,1,海竜素材(pts),8
ラギアＲキャップ,0,0,6,0,7,99,0,27,58,-3,2,5,-1,-2,属性攻撃,5,,,,,,,,,獰猛化海竜皮,1,海竜の上鱗,5,獰猛な尖角,1,海竜素材(pts),8
ジンオウＳヘルム,0,0,6,0,6,99,0,58,120,0,-1,4,-4,1,本気,5,,,,,,,,,雷狼竜の尖角,2,雷狼竜の高電毛,3,雷狼竜の甲殻,3,大猪の大牙,4
ジンオウＳキャップ,0,0,6,1,6,99,0,29,60,0,-1,5,-4,1,本気,5,属性会心,2,,,,,,,雷狼竜の尖角,2,雷狼竜の高電毛,3,雷狼竜の甲殻,3,大猪の大牙,4
EXジンオウヘルム,0,0,6,1,8,99,0,62,124,0,-1,4,-4,1,連撃,2,本気,1,気配,-1,,,,,EX雷狼竜チケット,1,雷狼竜の堅殻,5,雷狼竜の帯電毛,6,金獅子の尖角,2
EXジンオウキャップ,0,0,6,1,8,99,0,31,62,0,-1,5,-4,1,連撃,2,本気,2,気配,-1,,,,,EX雷狼竜チケット,1,雷狼竜の堅殻,5,雷狼竜の帯電毛,6,金獅子の尖角,2
ミツネＳヘルム,0,0,6,0,6,99,0,50,112,0,2,-3,1,-1,泡沫,2,腹減り,2,窮地,1,,,,,泡狐竜の上錦ヒレ,2,泡狐竜の紫上毛,3,泡狐竜の爪,4,ユクモの堅木,4
ミツネＳキャップ,0,0,6,0,6,99,0,25,56,0,2,-2,1,-1,腹減り,3,泡沫,2,窮地,1,,,,,泡狐竜の上錦ヒレ,2,泡狐竜の紫上毛,3,泡狐竜の爪,4,ユクモの堅木,4
ゼクスＳヘルム,0,0,6,0,6,99,0,58,120,0,-2,3,-3,2,気絶,2,連撃,2,気力回復,2,,,,,電竜の堅冠甲,1,電竜の上鱗,5,ノヴァクリスタル,2,モンスターの体液,10
ゼクスＳキャップ,0,0,6,0,6,99,0,29,60,0,-2,4,-3,2,連撃,3,気絶,2,気力回復,2,,,,,電竜の堅冠甲,1,電竜の上鱗,5,ノヴァクリスタル,2,モンスターの体液,10
ガムートＳヘルム,0,0,6,2,6,99,0,66,128,-3,1,-1,3,2,耐震,2,寒冷適応,1,重撃,1,,,,,巨獣の堅牙,2,巨獣の堅殻,4,巨獣の剛毛,4,大きな骨,8
ガムートＳキャップ,0,0,6,2,6,99,0,33,64,-3,1,-1,4,2,寒冷適応,2,重撃弾強化,2,重撃,1,,,,,巨獣の堅牙,2,巨獣の堅殻,4,巨獣の剛毛,4,大きな骨,8
ディノＳヘルム,0,0,6,2,6,99,0,60,122,3,-3,1,0,-1,研磨術,3,匠,2,,,,,,,斬竜の上鱗,3,斬竜の鋭牙,4,赤熱した紅焔嚢,1,ドラグライト鉱石,8
ディノＳキャップ,0,0,6,2,6,99,0,30,61,4,-3,1,0,-1,研磨術,3,射法,1,,,,,,,斬竜の上鱗,3,斬竜の鋭牙,4,赤熱した紅焔嚢,1,ドラグライト鉱石,8
アグナヘルム,0,0,6,2,6,99,0,60,122,4,-4,0,-1,0,ガード性能,2,炎熱適応,1,,,,,,,炎戈竜の堅殻,4,炎戈竜の碇口,2,炎戈竜の上皮,4,イーオスの大上皮,4
アグナキャップ,0,0,6,2,6,99,0,30,61,6,-4,0,-1,0,炎熱適応,2,反動,2,,,,,,,炎戈竜の堅殻,4,炎戈竜の碇口,2,炎戈竜の上皮,4,イーオスの大上皮,4
ゴアＳヘルム,0,0,6,1,6,99,0,60,122,-2,2,-1,2,-2,狂撃耐性,5,,,,,,,,,黒蝕竜の尖触角,2,黒蝕竜の上鱗,4,黒蝕竜の堅殻,2,マレコガネ,3
ゴアＳキャップ,0,0,6,1,6,99,0,30,61,-2,3,-1,2,-2,狂撃耐性,6,,,,,,,,,黒蝕竜の尖触角,2,黒蝕竜の上鱗,4,黒蝕竜の堅殻,2,マレコガネ,3
EXゴアヘルム,0,0,6,1,8,99,0,64,126,-2,2,-1,2,-2,闘魂,4,細菌学,1,,,,,,,EX黒蝕竜チケット,1,黒蝕竜の尖触角,3,黒蝕竜の鱗,6,天廻龍の上虹翼,3
EXゴアキャップ,0,0,6,1,8,99,0,32,63,-2,3,-1,2,-2,闘魂,5,細菌学,1,,,,,,,EX黒蝕竜チケット,1,黒蝕竜の尖触角,3,黒蝕竜の鱗,6,天廻龍の上虹翼,3
ゴアＲヘルム,0,0,6,0,8,99,0,56,118,-2,2,-1,2,-2,狂撃耐性,3,闘魂,3,,,,,,,獰猛化黒蝕竜鱗,1,黒蝕竜の堅殻,5,黒蝕竜の尖触角,3,黒蝕竜素材(pts),8
ゴアＲキャップ,0,0,6,0,8,99,0,28,59,-2,3,-1,2,-2,闘魂,4,狂撃耐性,3,,,,,,,獰猛化黒蝕竜鱗,1,黒蝕竜の堅殻,5,黒蝕竜の尖触角,3,黒蝕竜素材(pts),8
レギオスＳヘルム,0,0,6,1,7,99,0,60,122,2,0,-3,-2,0,抜刀会心,3,,,,,,,,,千刃竜の伐刀角,2,千刃竜の飛刃,4,千刃竜の刃鱗,5,飛甲虫の堅殻,3
レギオスＳキャップ,0,0,6,1,7,99,0,30,61,4,0,-3,-2,0,射法,3,,,,,,,,,千刃竜の伐刀角,2,千刃竜の飛刃,4,千刃竜の刃鱗,5,飛甲虫の堅殻,3
ドボルヘルム,0,0,6,1,6,99,0,66,128,-3,2,1,-2,1,重撃,5,,,,,,,,,尾槌竜の尖角,2,尾槌竜の堅殻,4,上竜骨,3,大猪の硬い皮,6
ドボルキャップ,0,0,6,1,6,99,0,33,64,-2,2,1,-2,1,重撃,6,,,,,,,,,尾槌竜の尖角,2,尾槌竜の堅殻,4,上竜骨,3,大猪の硬い皮,6
レックスＳヘルム,0,0,6,0,6,99,0,60,122,2,0,-3,0,-2,食事,3,聴覚保護,2,回復量,-2,,,,,轟竜の鋭牙,3,轟竜の堅殻,3,轟竜の鱗,5,マレコガネ,5
レックスＳキャップ,0,0,6,0,6,99,0,30,61,4,0,-3,0,-2,食事,4,聴覚保護,2,回復量,-2,,,,,轟竜の鋭牙,3,轟竜の堅殻,3,轟竜の鱗,5,マレコガネ,5
EXレックスヘルム,0,0,6,0,8,99,0,64,126,2,0,-3,0,-2,食事,3,肉食,3,逆上,2,,,,,EX轟竜チケット,1,轟竜の鋭牙,5,轟竜の甲殻,6,雪獅子の鋭牙,5
EXレックスキャップ,0,0,6,0,8,99,0,32,63,4,0,-3,0,-2,食事,4,肉食,3,逆上,2,,,,,EX轟竜チケット,1,轟竜の鋭牙,5,轟竜の甲殻,6,雪獅子の鋭牙,5
レックスＲヘルム,0,0,6,1,8,99,0,56,118,2,0,-3,0,-2,食事,5,,,,,,,,,獰猛化轟竜鱗,1,轟竜の堅殻,5,獰猛な鋭牙,1,轟竜素材(pts),8
レックスＲキャップ,0,0,6,1,8,99,0,28,59,4,0,-3,0,-2,食事,6,,,,,,,,,獰猛化轟竜鱗,1,轟竜の堅殻,5,獰猛な鋭牙,1,轟竜素材(pts),8
キリンＳホーン,0,0,6,1,6,99,0,64,126,-1,-1,3,0,2,属性攻撃,2,スタミナ,2,加護,2,,,,,キリンの上皮,1,キリンの蒼角,3,キリンの雷尾,5,キリンのたてがみ,5
キリンＳコルノ,0,0,6,1,6,99,0,32,63,-1,-1,4,0,2,加護,3,属性攻撃,2,スタミナ,2,,,,,キリンの上皮,1,キリンの蒼角,3,キリンの雷尾,5,キリンのたてがみ,5
キリンＲホーン,0,0,6,0,7,99,0,60,122,-1,-1,3,0,2,加護,4,,,,,,,,,獰猛な帯電毛,1,キリンの蒼角,3,キリンのたてがみ,5,獰猛化素材(上位pts),8
キリンＲコルノ,0,0,6,0,7,99,0,30,61,-1,-1,4,0,2,加護,5,,,,,,,,,獰猛な帯電毛,1,キリンの蒼角,3,キリンのたてがみ,5,獰猛化素材(上位pts),8
ブラキＳヘルム,0,0,6,0,7,99,0,62,124,2,-4,0,-2,0,闘魂,4,細菌学,3,,,,,,,砕竜の堅黒曜甲,3,砕竜の尖頭殻,2,なぞの粘菌,3,獄炎石,4
ブラキＳキャップ,0,0,6,0,7,99,0,31,62,2,-3,0,-2,0,細菌学,4,闘魂,4,,,,,,,砕竜の堅黒曜甲,3,砕竜の尖頭殻,2,なぞの粘菌,3,獄炎石,4
EXブラキヘルム,0,0,6,0,8,99,0,66,128,2,-4,0,-2,0,爆弾強化,4,匠,3,,,,,,,EX砕竜チケット,1,砕竜の堅黒曜甲,4,砕竜の頭殻,4,重甲エキス,2
EXブラキキャップ,0,0,6,0,8,99,0,33,64,2,-3,0,-2,0,爆弾強化,4,速射,3,,,,,,,EX砕竜チケット,1,砕竜の堅黒曜甲,4,砕竜の頭殻,4,重甲エキス,2
金色ノ添髪,0,0,6,0,6,99,0,66,128,2,1,3,-5,2,攻撃,3,無心,2,気配,-2,,,,,金獅子の尖角,2,黄金の毛,1,金獅子の黒毛,3,鋼の龍鱗,1
黒子ノ面隠,0,0,6,0,6,99,0,33,64,2,1,3,-4,2,攻撃,4,気配,2,無心,2,,,,,金獅子の尖角,2,黄金の毛,1,金獅子の黒毛,3,鋼の龍鱗,1
バンギスヘルム,0,0,6,1,6,99,0,66,128,0,0,-4,0,-4,痛撃,2,重撃,2,腹減り,-2,,,,,恐暴竜の頭殻,2,恐暴竜の黒皮,4,恐暴竜の唾液,3,轟竜の頭殻,1
バンギスキャップ,0,0,6,1,6,99,0,33,64,0,0,-3,0,-4,重撃,3,痛撃,2,腹減り,-2,,,,,恐暴竜の頭殻,2,恐暴竜の黒皮,4,恐暴竜の唾液,3,轟竜の頭殻,1
ギルドナイトフェザー,1,0,6,1,4,99,0,50,112,0,0,0,0,0,采配,2,運気,2,,,,,,,ギルドチケット,1,怪鳥の上鱗,5,モスの苔皮,3,モンスターの体液,3
ギルドナイトマスク,1,0,6,1,4,99,0,25,56,0,0,0,0,0,運気,3,采配,2,,,,,,,ギルドチケット,1,怪鳥の上鱗,5,モスの苔皮,3,モンスターの体液,3
メイドＳカチューシャ,2,0,6,1,7,99,0,50,112,0,0,0,0,0,采配,2,運気,2,,,,,,,ココットチケット,1,怪鳥の上鱗,5,モスの苔皮,3,モンスターの体液,3
プライベートＳグラス,2,0,6,1,7,99,0,25,56,0,0,0,0,0,運気,3,采配,2,,,,,,,ココットチケット,1,怪鳥の上鱗,5,モスの苔皮,3,モンスターの体液,3
ギルドガードロポス蒼,1,0,6,1,6,6,1,50,112,0,0,0,0,0,采配,2,護石王,2,,,,,,,ギルドチケット,1,ポッケチケット,1,化け鮫の上鱗,5,鎌蟹の小殻,8
ギルドガードマスク蒼,1,0,6,1,6,6,1,25,56,0,0,0,0,0,護石王,3,采配,2,,,,,,,ギルドチケット,1,ポッケチケット,1,化け鮫の上鱗,5,鎌蟹の小殻,8
ギルドガードハット蒼,2,0,6,1,6,6,1,50,112,0,0,0,0,0,采配,2,護石王,2,,,,,,,ギルドチケット,1,ポッケチケット,1,化け鮫の上鱗,5,鎌蟹の小殻,8
ギルドガードピアス蒼,2,0,6,1,6,6,1,25,56,0,0,0,0,0,護石王,3,采配,2,,,,,,,ギルドチケット,1,ポッケチケット,1,化け鮫の上鱗,5,鎌蟹の小殻,8
ギルドガードロポス紅,1,0,6,1,6,6,1,50,112,0,0,0,0,0,采配,2,剥ぎ取り,2,,,,,,,ギルドチケット,1,ポッケチケット,1,炎戈竜の上皮,4,炎の龍鱗,3
ギルドガードマスク紅,1,0,6,1,6,6,1,25,56,0,0,0,0,0,剥ぎ取り,3,采配,2,,,,,,,ギルドチケット,1,ポッケチケット,1,炎戈竜の上皮,4,炎の龍鱗,3
ギルドガードハット紅,2,0,6,1,6,6,1,50,112,0,0,0,0,0,采配,2,剥ぎ取り,2,,,,,,,ギルドチケット,1,ポッケチケット,1,炎戈竜の上皮,4,炎の龍鱗,3
ギルドガードピアス紅,2,0,6,1,6,6,1,25,56,0,0,0,0,0,剥ぎ取り,3,采配,2,,,,,,,ギルドチケット,1,ポッケチケット,1,炎戈竜の上皮,4,炎の龍鱗,3
ヘルパーＳフード,2,0,6,1,6,99,0,50,112,0,0,0,0,0,広域,3,回復量,1,,,,,,,ポッケチケット,1,ノヴァクリスタル,2,雪獅子の毛,3,水竜の上鱗,4
ヒーラーＳグラス,2,0,6,1,6,99,0,25,56,0,0,0,0,0,広域,4,回復量,2,,,,,,,ポッケチケット,1,ノヴァクリスタル,2,雪獅子の毛,3,水竜の上鱗,4
ヘルパーＵフード,2,0,6,0,6,99,0,50,112,0,0,0,0,0,広域,3,重撃,2,観察眼,2,,,,,ポッケチケット,1,ノヴァクリスタル,2,迅竜の黒毛,3,水竜の上鱗,4
ヒーラーＵベレー,2,0,6,0,6,99,0,25,56,0,0,0,0,0,回復量,3,重撃,2,千里眼,2,,,,,ポッケチケット,1,ノヴァクリスタル,2,迅竜の黒毛,3,水竜の上鱗,4
ギルドバードＳロポス,1,0,6,1,6,99,0,50,112,0,0,0,0,0,号令,2,運気,2,,,,,,,ギルドチケット,1,龍歴院チケット,1,海竜の高電殻,4,カブレライト鉱石,5
ギルドバードＳハット,1,0,6,1,6,99,0,25,56,0,0,0,0,0,運気,3,号令,2,,,,,,,ギルドチケット,1,龍歴院チケット,1,海竜の高電殻,4,カブレライト鉱石,5
三眼のピアス,0,0,6,3,6,99,0,15,46,0,0,0,0,0,,,,,,,,,,,堅竜骨,2,ノヴァクリスタル,2,,,,
撫子・華【布冠】,2,0,6,1,7,99,0,50,112,0,0,0,0,0,無心,2,千里眼,2,観察眼,2,,,,,ユクモチケット,1,ユクモの堅木,2,潜口竜の上皮,5,ノヴァクリスタル,2
桔梗・華【布冠】,2,0,6,1,7,99,0,25,56,0,0,0,0,0,観察眼,3,無心,2,千里眼,2,,,,,ユクモチケット,1,ユクモの堅木,2,潜口竜の上皮,5,ノヴァクリスタル,2
エースヘッド,1,0,6,0,8,99,0,50,112,0,0,0,0,0,斬れ味,2,剣術,2,気力回復,2,,,,,ベルナチケット,1,獰猛化黒狼鳥鱗,1,雷狼竜の高電毛,3,古龍の血,2
エースフェイス,1,0,6,0,8,99,0,25,56,0,0,0,0,0,気力回復,3,装填数,2,弾薬節約,2,,,,,ベルナチケット,1,獰猛化黒狼鳥鱗,1,雷狼竜の高電毛,3,古龍の血,2
クイーンヘッド,2,0,6,0,8,99,0,50,112,0,0,0,0,0,斬れ味,2,剣術,2,気力回復,2,,,,,ベルナチケット,1,獰猛化黒狼鳥鱗,1,雷狼竜の高電毛,3,古龍の血,2
クイーンフェイス,2,0,6,0,8,99,0,25,56,0,0,0,0,0,気力回復,3,装填数,2,弾薬節約,2,,,,,ベルナチケット,1,獰猛化黒狼鳥鱗,1,雷狼竜の高電毛,3,古龍の血,2
ホークハット,1,0,6,0,7,6,1,50,112,0,0,0,0,0,体術,4,食事,2,狂撃耐性,1,,,,,ベルナチケット,1,上質な毛皮,2,千刃竜の伐刀角,2,奇猿狐の剛毛,2
ホークキャップ,1,0,6,0,7,6,1,25,56,0,0,0,0,0,体術,4,狂撃耐性,2,食事,2,,,,,ベルナチケット,1,上質な毛皮,2,千刃竜の伐刀角,2,奇猿狐の剛毛,2
グルニャンＳトック,0,0,6,3,6,99,0,56,118,1,1,1,1,1,スタミナ,1,回復量,1,,,,,,,獰猛化エキス,1,ビストロチケット,2,ベルナチケット,1,雷狼竜の高電毛,4
グルニャンＳキャップ,0,0,6,3,6,99,0,28,59,1,1,1,1,1,回復量,2,スタミナ,1,,,,,,,獰猛化エキス,1,ビストロチケット,2,ベルナチケット,1,雷狼竜の高電毛,4
アイルーヘアバンド,0,0,6,0,6,99,0,30,61,3,3,3,3,3,胴系統倍加,1,,,,,,,,,ドスコイン,2,オトモチケット,2,肉球のスタンプ,3,,
サージュＳフート,0,0,6,1,6,99,0,50,112,0,0,0,0,0,細菌学,3,捕獲,2,,,,,,,龍歴院チケット,1,雲羊鹿の毛玉,5,獰猛な牙,2,夜鳥の上羽鱗,3
サージュＳキャップ,0,0,6,1,6,99,0,25,56,0,0,0,0,0,細菌学,3,捕獲,3,,,,,,,龍歴院チケット,1,雲羊鹿の毛玉,5,獰猛な牙,2,夜鳥の上羽鱗,3
城塞遊撃隊【刃笠】,0,0,6,1,8,99,0,56,118,0,0,0,0,0,攻撃,3,気力回復,2,,,,,,,ギルドチケット,1,砂竜の鋭牙,4,爆炎袋,4,盾虫の甲殻,8
城塞弓撃隊【面隠】,0,0,6,1,8,99,0,28,59,0,0,0,0,0,攻撃,4,気力回復,2,,,,,,,ギルドチケット,1,砂竜の鋭牙,4,爆炎袋,4,盾虫の甲殻,8
忍の面・天,0,0,7,1,8,99,0,56,118,2,-1,2,-1,1,腹減り,7,気配,2,,,,,,,ギルドチケット,1,煌黒龍の翼膜,1,火竜の上鱗,5,古龍の血,2
忍の面・地,0,0,7,1,8,99,0,28,59,2,-1,2,-1,2,腹減り,8,気配,2,,,,,,,ギルドチケット,1,煌黒龍の翼膜,1,火竜の上鱗,5,古龍の血,2
忍の面・空,0,0,7,1,8,99,0,60,122,2,-1,2,-1,1,特殊攻撃,5,連撃,2,,,,,,,ギルドチケット,1,煌黒龍の翼膜,1,銀火竜の上鱗,3,古龍の血,2
忍の面・海,0,0,7,1,8,99,0,30,61,2,-1,2,-1,2,特殊攻撃,6,連撃,2,,,,,,,ギルドチケット,1,煌黒龍の翼膜,1,銀火竜の上鱗,3,古龍の血,2
龍歴士ヘルム,0,0,7,1,7,6,1,66,128,2,2,-2,-2,2,寒冷適応,2,炎熱適応,2,研磨術,2,,,,,ベルナチケット,2,龍歴院チケット,2,勇気の証Ｇ,2,竜玉,1
龍歴士キャップ,0,0,7,1,7,6,1,33,64,2,2,-2,-2,3,研磨術,3,寒冷適応,2,炎熱適応,2,,,,,ベルナチケット,2,龍歴院チケット,2,勇気の証Ｇ,2,竜玉,1
マスターイヤーカフ,0,0,7,1,7,99,0,66,128,2,-2,2,-2,2,無心,2,加護,2,英雄の盾,2,,,,,ココットチケット,2,勇気の証Ｇ,2,いにしえの龍骨,3,竜玉,1
マスターイヤリング,0,0,7,1,7,99,0,33,64,3,-2,2,-2,2,加護,3,無心,2,英雄の盾,2,,,,,ココットチケット,2,勇気の証Ｇ,2,いにしえの龍骨,3,竜玉,1
ブラックＳヘッド,0,0,7,0,8,99,0,66,128,2,2,2,2,-5,溜め短縮,3,属性耐性,2,抜刀会心,2,,,,,発光する上粘液,2,ポッケチケット,2,黒いかけら,3,いにしえの龍骨,3
ブラックＳフェイス,0,0,7,0,8,99,0,33,64,2,2,2,3,-5,溜め短縮,4,属性耐性,2,貫通弾強化,2,,,,,発光する上粘液,2,ポッケチケット,2,黒いかけら,3,いにしえの龍骨,3
桐花【兜】,0,0,7,0,8,99,0,66,128,-2,2,2,2,-2,連撃,2,属性会心,2,会心強化,2,,,,,ユクモチケット,2,足湯チケット,1,希望の証Ｇ,2,古龍の浄血,1
三葵【兜】,0,0,7,0,8,99,0,33,64,-2,2,3,2,-2,会心強化,3,連撃,2,属性会心,2,,,,,ユクモチケット,2,足湯チケット,1,希望の証Ｇ,2,古龍の浄血,1
EXレイアＳヘルム,0,0,7,1,8,99,0,64,126,4,0,-3,0,-4,ガード性能,3,根性,2,ガード強化,1,,,,,EX火竜チケットＳ,1,雌火竜の上棘,3,火竜の骨髄,1,爆炎袋,2
EXレイアＳキャップ,0,0,7,1,8,99,0,32,63,6,0,-3,0,-4,ガード性能,3,ガード強化,2,根性,2,,,,,EX火竜チケットＳ,1,雌火竜の上棘,3,火竜の骨髄,1,爆炎袋,2
EXレウスＳヘルム,0,0,7,0,8,99,0,64,126,5,0,-4,0,-4,痛撃,4,炎熱適応,2,攻撃,2,,,,,EX火竜チケットＳ,1,火竜の翼,5,火竜の骨髄,1,爆炎袋,2
EXレウスＳキャップ,0,0,7,0,8,99,0,32,63,6,0,-4,0,-4,痛撃,4,攻撃,3,炎熱適応,2,,,,,EX火竜チケットＳ,1,火竜の翼,5,火竜の骨髄,1,爆炎袋,2
EXレックスＳヘルム,0,0,7,0,8,6,1,64,126,2,0,-4,0,-3,体術,4,気力回復,2,,,,,,,EX轟竜チケットＳ,1,轟竜の鋭牙,5,轟竜の甲殻,6,炎戈竜の鋭爪,4
EXレックスＳキャップ,0,0,7,0,8,6,1,32,63,4,0,-4,0,-3,体術,4,気力回復,3,,,,,,,EX轟竜チケットＳ,1,轟竜の鋭牙,5,轟竜の甲殻,6,炎戈竜の鋭爪,4
アークＳヘルム,1,0,7,2,7,99,0,68,130,-2,2,0,2,-4,無傷,3,匠,2,節食,1,,,,,天廻龍の尖角,2,天廻龍の上鱗,4,天廻龍の甲殻,4,ノヴァクリスタル,2
アークＳキャップ,1,0,7,2,7,99,0,34,65,-2,2,0,2,-3,無傷,3,通常弾強化,2,節食,1,,,,,天廻龍の尖角,2,天廻龍の上鱗,4,天廻龍の甲殻,4,ノヴァクリスタル,2
フィリアＳヘルム,2,0,7,2,7,99,0,68,130,-2,2,0,2,-4,無傷,3,匠,2,節食,1,,,,,天廻龍の尖角,2,天廻龍の上鱗,4,天廻龍の甲殻,4,ノヴァクリスタル,2
フィリアＳキャップ,2,0,7,2,7,99,0,34,65,-2,2,0,2,-3,無傷,3,通常弾強化,2,節食,1,,,,,天廻龍の尖角,2,天廻龍の上鱗,4,天廻龍の甲殻,4,ノヴァクリスタル,2
EXアークヘルム,1,0,7,2,7,6,1,72,134,-2,2,0,2,-4,チャンス,3,ガード性能,2,節食,1,,,,,EX天廻龍チケット,1,天廻龍の尖角,3,天廻龍の鱗,6,黒蝕竜の上暗翼,3
EXアークキャップ,1,0,7,2,7,6,1,36,67,-2,2,0,2,-3,チャンス,3,反動,2,節食,1,,,,,EX天廻龍チケット,1,天廻龍の尖角,3,天廻龍の鱗,6,黒蝕竜の上暗翼,3
EXフィリアヘルム,2,0,7,2,7,6,1,72,134,-2,2,0,2,-4,チャンス,3,ガード性能,2,節食,1,,,,,EX天廻龍チケット,1,天廻龍の尖角,3,天廻龍の鱗,6,黒蝕竜の上暗翼,3
EXフィリアキャップ,2,0,7,2,7,6,1,36,67,-2,2,0,2,-3,チャンス,3,反動,2,節食,1,,,,,EX天廻龍チケット,1,天廻龍の尖角,3,天廻龍の鱗,6,黒蝕竜の上暗翼,3
アークＲヘルム,1,0,7,0,8,99,0,64,126,-2,2,0,2,-4,無傷,5,匠,1,,,,,,,獰猛な蝕龍鱗,1,天廻龍の上鱗,5,獰猛な尖角,1,天廻龍素材(pts),8
アークＲキャップ,1,0,7,2,8,99,0,32,63,-2,2,0,2,-3,無傷,5,,,,,,,,,獰猛な蝕龍鱗,1,天廻龍の上鱗,5,獰猛な尖角,1,天廻龍素材(pts),8
フィリアＲヘルム,2,0,7,0,8,99,0,64,126,-2,2,0,2,-4,無傷,5,匠,1,,,,,,,獰猛な蝕龍鱗,1,天廻龍の上鱗,5,獰猛な尖角,1,天廻龍素材(pts),8
フィリアＲキャップ,2,0,7,2,8,99,0,32,63,-2,2,0,2,-3,無傷,5,,,,,,,,,獰猛な蝕龍鱗,1,天廻龍の上鱗,5,獰猛な尖角,1,天廻龍素材(pts),8
クシャナＳアンク,0,0,7,0,8,99,0,72,134,-1,2,-2,3,-3,匠,4,耐暑,2,毒,-2,,,,,鋼龍の堅殻,2,鋼龍の尖角,1,鋼の龍鱗,5,マレコガネ,2
クシャナＳスーラ,0,0,7,0,8,99,0,36,67,-1,2,-2,5,-3,耐暑,3,速射,2,毒,-2,,,,,鋼龍の堅殻,2,鋼龍の尖角,1,鋼の龍鱗,5,マレコガネ,2
EXクシャナアンク,0,0,7,0,8,99,0,76,138,-1,2,-2,3,-3,ガード性能,4,跳躍,2,,,,,,,EX鋼龍チケット,1,鋼龍の尖角,4,古龍の浄血,2,鋼龍素材(pts),8
EXクシャナスーラ,0,0,7,0,8,99,0,38,69,-1,2,-2,5,-3,装填速度,4,跳躍,2,,,,,,,EX鋼龍チケット,1,鋼龍の尖角,4,古龍の浄血,2,鋼龍素材(pts),8
クシャナＲアンク,0,0,7,0,8,99,0,68,130,-1,2,-2,3,-3,炎熱適応,4,毒,-4,,,,,,,古龍の浄血,1,獰猛な氷塊,2,鋼龍の尖角,4,獰猛化素材(上位pts),8
クシャナＲスーラ,0,0,7,1,8,99,0,34,65,-1,2,-2,5,-3,炎熱適応,4,毒,-4,,,,,,,古龍の浄血,1,獰猛な氷塊,2,鋼龍の尖角,4,獰猛化素材(上位pts),8
ミヅハ覇【烏帽子】,0,0,7,2,8,99,0,56,118,-5,1,0,2,-3,風圧,3,聴覚保護,2,特殊攻撃,2,,,,,霞龍の上皮,3,霞龍の尖角,1,霞龍の翼膜,1,マレコガネ,2
トヨタマ覇【烏帽子】,0,0,7,2,8,99,0,28,59,-4,1,0,2,-3,風圧,4,聴覚保護,2,特殊攻撃,2,,,,,霞龍の上皮,3,霞龍の尖角,1,霞龍の翼膜,1,マレコガネ,2
EXミヅハ【烏帽子】,0,0,7,0,8,99,0,60,122,-5,1,0,2,-3,聴覚保護,3,笛,2,茸食,2,,,,,EX霞龍チケット,1,霞龍の尖角,4,古龍の浄血,2,,
EXトヨタマ【烏帽子】,0,0,7,0,8,99,0,30,61,-4,1,0,2,-3,聴覚保護,3,茸食,3,気配,2,,,,,EX霞龍チケット,1,霞龍の尖角,4,古龍の浄血,2,,
カイザーＳクラウン,0,0,7,0,8,99,0,66,128,4,-4,1,-1,-3,闘魂,3,毒,2,気力回復,2,,,,,炎王龍の尖角,2,獄炎の龍鱗,3,炎王龍のたてがみ,2,古龍の血,3
カイザーＳマスク,0,0,7,0,8,99,0,33,64,4,-3,1,-1,-3,闘魂,4,毒,2,気力回復,2,,,,,炎王龍の尖角,2,獄炎の龍鱗,3,炎王龍のたてがみ,2,古龍の血,3
EXカイザークラウン,0,0,7,0,8,99,0,70,132,4,-4,1,-1,-3,達人,4,聴覚保護,2,回避性能,2,,,,,EX炎王龍チケット,1,炎王龍の尖角,4,古龍の浄血,2,,
EXカイザーマスク,0,0,7,0,8,99,0,35,66,4,-3,1,-1,-3,達人,4,回避性能,3,聴覚保護,2,,,,,EX炎王龍チケット,1,炎王龍の尖角,4,古龍の浄血,2,,
シルバーソルヘルム,0,0,7,1,7,99,0,66,128,2,-6,-4,0,4,痛撃,2,会心強化,2,気絶,-2,,,,,銀火竜の上鱗,4,古龍の血,2,火竜の煌液,3,ノヴァクリスタル,1
シルバーソルキャップ,0,0,7,1,7,99,0,33,64,2,-5,-4,0,4,痛撃,3,会心強化,2,気絶,-2,,,,,銀火竜の上鱗,4,古龍の血,2,火竜の煌液,3,ノヴァクリスタル,1
EXＳ・ソルヘルム,0,0,7,0,8,99,0,70,132,2,-6,-4,0,4,護石王,3,剥ぎ取り,3,剣術,-3,,,,,EX銀火竜チケット,1,銀火竜の堅殻,5,火竜の甲殻,8,,
EXＳ・ソルキャップ,0,0,7,0,8,99,0,35,66,2,-5,-4,0,4,護石王,3,剥ぎ取り,3,精密射撃,-3,,,,,EX銀火竜チケット,1,銀火竜の堅殻,5,火竜の甲殻,8,,
Ｓ・ソルＲヘルム,0,0,7,0,8,99,0,62,124,2,-6,-4,0,4,匠,4,斬れ味,-4,,,,,,,獰猛化銀火竜鱗,1,銀火竜の堅殻,5,古龍の浄血,1,獰猛化素材(上位pts),8
Ｓ・ソルＲキャップ,0,0,7,0,8,99,0,31,62,2,-5,-4,0,4,装填数,4,調合成功率,-4,,,,,,,獰猛化銀火竜鱗,1,銀火竜の堅殻,5,古龍の浄血,1,獰猛化素材(上位pts),8
ゴールドルナヘルム,0,0,7,0,7,99,0,64,126,2,-4,-6,0,4,回復量,4,加護,2,節食,2,,,,,金火竜の上棘,3,金火竜の堅殻,4,火竜の骨髄,2,爆炎袋,3
ゴールドルナキャップ,0,0,7,0,7,99,0,32,63,2,-4,-5,0,4,回復量,4,加護,3,節食,2,,,,,金火竜の上棘,3,金火竜の堅殻,4,火竜の骨髄,2,爆炎袋,3
EXＧ・ルナヘルム,0,0,7,0,8,99,0,68,130,2,-4,-6,0,4,運気,4,護石王,3,体力,-3,,,,,EX金火竜チケット,1,金火竜の上棘,3,雌火竜の甲殻,8,,
EXＧ・ルナキャップ,0,0,7,0,8,99,0,34,65,2,-4,-5,0,4,運気,5,護石王,3,体力,-3,,,,,EX金火竜チケット,1,金火竜の上棘,3,雌火竜の甲殻,8,,
怒天ノ添髪,0,0,7,0,8,99,0,70,132,2,1,3,-6,2,溜め短縮,3,無心,2,気配,-3,,,,,羅刹の金角,2,金獅子の怒髪,3,金獅子の尖角,1,火竜の煌液,2
心滅ノ面隠,0,0,7,0,8,99,0,35,66,2,1,3,-5,2,溜め短縮,3,気配,3,無心,2,,,,,羅刹の金角,2,金獅子の怒髪,3,金獅子の尖角,1,火竜の煌液,2
グリードヘルム,0,0,7,0,8,99,0,70,132,-2,-2,-5,-2,-2,匠,3,斬れ味,2,腹減り,-2,,,,,歴戦の漆黒皮,3,恐暴竜の黒鱗,2,恐暴竜の頭殻,2,古龍の浄血,1
グリードキャップ,0,0,7,1,8,99,0,35,66,-2,-2,-4,-2,-2,通常弾強化,2,射法,2,腹減り,-2,,,,,歴戦の漆黒皮,3,恐暴竜の黒鱗,2,恐暴竜の頭殻,2,古龍の浄血,1
グリードＲヘルム,0,0,7,3,8,99,0,66,128,-2,-2,-5,-2,-2,匠,2,,,,,,,,,獰猛化恐暴竜鱗,1,歴戦の漆黒皮,5,恐暴竜の頭殻,3,獰猛化素材(上位pts),8
グリードＲキャップ,0,0,7,3,8,99,0,33,64,-2,-2,-4,-2,-2,通常弾強化,2,,,,,,,,,獰猛化恐暴竜鱗,1,歴戦の漆黒皮,5,恐暴竜の頭殻,3,獰猛化素材(上位pts),8
アカムトサクパケ,0,0,7,0,8,99,0,74,136,4,0,-3,2,-5,聴覚保護,3,剣術,2,鈍器,2,,,,,覇竜の大棘,2,覇竜の上鱗,4,覇竜の堅殻,6,赤熱した紅焔嚢,4
アカムトサクイマキ,0,0,7,0,8,99,0,37,68,4,0,-3,2,-4,聴覚保護,3,精密射撃,2,貫通弾強化,2,,,,,覇竜の大棘,2,覇竜の上鱗,4,覇竜の堅殻,6,赤熱した紅焔嚢,4
アカムトＲサクパケ,0,0,7,1,8,99,0,70,132,4,0,-3,2,-5,剣術,8,,,,,,,,,大竜結晶,1,獰猛な炎鱗,2,覇竜の大棘,4,獰猛化素材(上位pts),8
アカムトＲサクイマキ,0,0,7,1,8,99,0,35,66,4,0,-3,2,-4,装填数,8,,,,,,,,,大竜結晶,1,獰猛な炎鱗,2,覇竜の大棘,4,獰猛化素材(上位pts),8
ウカムルサクパケ,0,0,7,0,8,99,0,80,142,-4,0,-3,4,-2,攻撃,4,斬れ味,2,回復量,2,,,,,崩竜の削顎,2,崩竜の腹鱗,4,崩竜の堅殻,4,竜玉,2
ウカムルサクイマキ,0,0,7,0,8,99,0,40,71,-4,0,-3,4,-2,攻撃,4,散弾強化,2,回復量,2,,,,,崩竜の削顎,2,崩竜の腹鱗,4,崩竜の堅殻,4,竜玉,2
荒天【冠】,0,0,7,0,8,99,0,70,132,-3,4,0,0,-5,回避性能,3,本気,3,研ぎ師,-2,,,,,嵐龍の角,3,嵐龍の飛膜,4,嵐龍の胸殻,6,竜玉,3
蒼天【冠】,0,0,7,0,8,99,0,35,66,-3,5,0,0,-5,本気,4,回避性能,3,精密射撃,-2,,,,,嵐龍の角,3,嵐龍の飛膜,4,嵐龍の胸殻,6,竜玉,3
荒天亜流【冠】,0,0,7,1,8,99,0,66,128,-3,4,0,0,-5,回避性能,4,研ぎ師,-2,,,,,,,嵐龍の角,4,獰猛な水袋,2,古龍の浄血,1,獰猛化素材(上位pts),8
蒼天亜流【冠】,0,0,7,1,8,99,0,33,64,-3,5,0,0,-5,回避性能,5,精密射撃,-2,,,,,,,嵐龍の角,4,獰猛な水袋,2,古龍の浄血,1,獰猛化素材(上位pts),8
骸装甲・覇【頭骨】,0,0,7,1,8,99,0,70,132,-1,-1,-1,-1,-2,逆上,2,窮地,2,回復速度,-3,,,,,尖骸棘殻,2,発光する上粘液,1,骸頭骨,4,堅竜骨,3
屍装甲・覇【頭骨】,0,0,7,1,8,99,0,35,66,-1,-1,-1,-1,-1,逆上,3,窮地,2,回復速度,-3,,,,,尖骸棘殻,2,発光する上粘液,1,骸頭骨,4,堅竜骨,3
アスリスタヘルム,0,0,7,1,8,99,0,70,132,0,2,1,1,-4,チャンス,2,無心,2,気まぐれ,-2,,,,,骸龍の青斑皮,2,骸龍の口腕甲,1,発光する上粘液,1,火竜の骨髄,2
アスリスタマスク,0,0,7,1,8,99,0,35,66,0,2,1,1,-3,無心,3,チャンス,2,気まぐれ,-2,,,,,骸龍の青斑皮,2,骸龍の口腕甲,1,発光する上粘液,1,火竜の骨髄,2
エスカドラワイズ,0,0,7,0,8,99,0,76,138,0,0,0,0,-4,属性耐性,2,属性攻撃,2,属性会心,2,,,,,砕けた天角,4,天をつらぬく角,1,煌黒龍の逆鱗,4,巨獣の頭殻,2
エスカドラサジェス,0,0,7,0,8,99,0,38,69,0,0,0,0,-4,属性耐性,3,属性攻撃,2,属性会心,2,,,,,砕けた天角,4,天をつらぬく角,1,煌黒龍の逆鱗,4,巨獣の頭殻,2
エスカドラＲワイズ,0,0,7,1,8,99,0,72,134,0,0,0,0,-4,属性攻撃,5,,,,,,,,,天をつらぬく角,3,獰猛な蝕龍鱗,2,古龍の浄血,1,獰猛化素材(上位pts),8
エスカドラＲサジェス,0,0,7,1,8,99,0,36,67,0,0,0,0,-4,属性攻撃,6,,,,,,,,,天をつらぬく角,3,獰猛な蝕龍鱗,2,古龍の浄血,1,獰猛化素材(上位pts),8
竜王の隻眼,0,0,7,0,8,99,0,20,51,2,2,2,2,2,炎熱適応,4,,,,,,,,,煌黒龍の逆鱗,3,覇竜の上鱗,3,崩竜の腹鱗,3,,
鷹見の羽飾り,0,0,7,0,2,6,1,20,51,0,0,0,0,0,千里眼,15,,,,,,,,,※ポッケ村長依頼,1,,,,,,
隼刃の羽飾り,0,0,7,0,2,6,1,20,51,0,0,0,0,0,達人,15,,,,,,,,,※ユクモ村長依頼,1,,,,,,
鶴寿の羽飾り,0,0,7,0,2,6,1,20,51,0,0,0,0,0,体力,15,,,,,,,,,※ベルナ村長依頼,1,,,,,,
剣聖のピアス,0,0,7,0,7,99,0,20,82,0,0,0,0,0,剣術,10,,,,,,,,,※闘技大会,1,,,,,,
増弾のピアス,0,0,7,0,7,99,0,20,51,0,0,0,0,0,装填数,10,,,,,,,,,※闘技大会,1,,,,,,
異形ヘルム,0,0,5,0,4,99,0,44,106,1,1,1,1,3,体力,3,笛,2,重撃,2,,,,,異形の骨,1,紅兜の怒髪,1,尖竜骨,2,睡眠袋,3
異形キャップ,0,0,5,0,4,99,0,22,53,2,2,2,2,3,体力,3,重撃,3,笛,2,,,,,異形の骨,1,紅兜の怒髪,1,尖竜骨,2,睡眠袋,3
LV1 紅兜ヘルム,0,0,X,0,2,2,1,26,48,-2,2,1,-1,0,体術,3,防御,2,,,,,,,紅兜狩猟の証１,1,紅兜の怒髪,1,青熊獣の甲殻,5,異形の骨,2
LV1 紅兜キャップ,0,0,X,0,2,2,1,13,24,-2,3,1,-1,0,体術,3,防御,2,,,,,,,紅兜狩猟の証１,1,紅兜の怒髪,1,青熊獣の甲殻,5,異形の骨,2
LV6 紅兜ヘルム,0,0,X,0,6,2,1,54,116,-2,2,1,-1,0,体術,3,防御,2,紅兜,2,,,,,紅兜狩猟の証６,1,紅兜の毛,2,,,,
LV6 紅兜キャップ,0,0,X,0,6,2,1,27,58,-2,3,1,-1,0,体術,3,防御,2,紅兜,3,,,,,紅兜狩猟の証６,1,紅兜の毛,2,,,,
LV1 大雪主ヘルム,0,0,X,0,2,99,0,22,44,-4,3,-2,4,0,回復速度,3,跳躍,2,,,,,,,大雪主狩猟の証１,1,大雪主の毛,3,白兎獣の耳,4,大きな骨,4
LV1 大雪主キャップ,0,0,X,0,2,99,0,11,22,-4,3,-2,5,0,回復速度,3,跳躍,2,,,,,,,大雪主狩猟の証１,1,大雪主の毛,3,白兎獣の耳,4,大きな骨,4
LV6 大雪主ヘルム,0,0,X,0,6,99,0,50,112,-4,3,-2,4,0,回復速度,3,跳躍,2,大雪主,2,,,,,大雪主狩猟の証６,1,大雪主の腹甲,2,,,,
LV6 大雪主キャップ,0,0,X,0,6,99,0,25,56,-4,3,-2,5,0,回復速度,3,跳躍,2,大雪主,3,,,,,大雪主狩猟の証６,1,大雪主の腹甲,2,,,,
LV1 矛砕ヘルム,0,0,X,0,2,99,0,30,52,0,4,-4,0,0,泡沫,2,窮地,2,,,,,,,矛砕狩猟の証１,1,矛砕の爪,1,朽ちた真紅の角,2,異形の骨,2
LV1 矛砕キャップ,0,0,X,0,2,99,0,15,26,0,5,-4,0,0,泡沫,2,窮地,2,,,,,,,矛砕狩猟の証１,1,矛砕の爪,1,朽ちた真紅の角,2,異形の骨,2
LV6 矛砕ヘルム,0,0,X,0,6,99,0,58,120,0,4,-4,0,0,泡沫,2,窮地,2,矛砕,2,,,,,矛砕狩猟の証６,1,矛砕の爪,2,,,,
LV6 矛砕キャップ,0,0,X,0,6,99,0,29,60,0,5,-4,0,0,泡沫,2,窮地,2,矛砕,3,,,,,矛砕狩猟の証６,1,矛砕の爪,2,,,,
LV1 紫毒姫ヘルム,0,0,X,0,2,99,0,30,52,4,0,-1,0,-3,達人,3,特殊会心,2,,,,,,,紫毒姫狩猟の証１,1,紫毒姫の鱗,3,雌火竜の棘,3,竜骨【大】,4
LV1 紫毒姫キャップ,0,0,X,0,2,99,0,15,26,4,1,-1,1,-3,達人,3,特殊会心,2,,,,,,,紫毒姫狩猟の証１,1,紫毒姫の鱗,3,雌火竜の棘,3,竜骨【大】,4
LV6 紫毒姫ヘルム,0,0,X,0,7,99,0,58,120,4,0,-1,0,-3,達人,3,特殊会心,2,紫毒姫,2,,,,,紫毒姫狩猟の証６,1,紫毒姫の甲殻,2,,,,
LV6 紫毒姫キャップ,0,0,X,0,7,99,0,29,60,4,1,-1,1,-3,達人,3,特殊会心,2,紫毒姫,3,,,,,紫毒姫狩猟の証６,1,紫毒姫の甲殻,2,,,,
LV1 岩穿ヘルム,0,0,X,0,4,99,0,52,72,3,-3,-2,0,0,ガード性能,3,痛撃,2,,,,,,,岩穿狩猟の証１,1,岩穿の巨大牙,2,厳めしい頭骨,2,鬼蛙の堅殻,3
LV1 岩穿キャップ,0,0,X,0,4,99,0,26,36,4,-3,-2,1,1,装填速度,3,痛撃,2,,,,,,,岩穿狩猟の証１,1,岩穿の巨大牙,2,厳めしい頭骨,2,鬼蛙の堅殻,3
LV6 岩穿ヘルム,0,0,X,0,6,99,0,76,106,3,-3,-2,0,0,ガード性能,3,痛撃,2,岩穿,2,,,,,岩穿狩猟の証６,1,岩穿の鱗,2,,,,
LV6 岩穿キャップ,0,0,X,0,6,99,0,38,53,4,-3,-2,1,1,装填速度,3,痛撃,2,岩穿,3,,,,,岩穿狩猟の証６,1,岩穿の鱗,2,,,,
LV1 白疾風ヘルム,0,0,X,0,5,2,1,44,64,-2,1,-3,0,0,会心強化,2,回避距離,2,,,,,,,白疾風狩猟の証１,1,白疾風の黒毛,2,迅竜の上黒毛,5,異形の骨,2
LV1 白疾風キャップ,0,0,X,0,5,2,1,22,32,-2,1,-3,1,1,会心強化,2,回避距離,2,,,,,,,白疾風狩猟の証１,1,白疾風の黒毛,2,迅竜の上黒毛,5,異形の骨,2
LV6 白疾風ヘルム,0,0,X,0,7,2,1,68,98,-2,1,-3,0,0,会心強化,2,回避距離,2,白疾風,2,,,,,白疾風狩猟の証６,1,白疾風の黒毛,2,,,,
LV6 白疾風キャップ,0,0,X,0,7,2,1,34,49,-2,1,-3,1,1,会心強化,2,回避距離,2,白疾風,3,,,,,白疾風狩猟の証６,1,白疾風の黒毛,2,,,,
LV1 宝纏ヘルム,0,0,X,0,5,99,0,70,90,4,-4,1,1,-2,運気,3,チャンス,2,,,,,,,宝纏狩猟の証１,1,宝纏の鱗,4,爆鎚竜の耐熱殻,6,尖竜骨,5
LV1 宝纏キャップ,0,0,X,0,5,99,0,35,45,5,-4,1,1,-2,運気,3,チャンス,2,,,,,,,宝纏狩猟の証１,1,宝纏の鱗,4,爆鎚竜の耐熱殻,6,尖竜骨,5
LV6 宝纏ヘルム,0,0,X,0,7,99,0,94,124,4,-4,1,1,-2,運気,3,チャンス,2,宝纏,2,,,,,宝纏狩猟の証６,1,宝纏の宝顎,2,,,,
LV6 宝纏キャップ,0,0,X,0,7,99,0,47,62,5,-4,1,1,-2,運気,3,チャンス,2,宝纏,3,,,,,宝纏狩猟の証６,1,宝纏の宝顎,2,,,,
LV1 隻眼ヘルム,0,0,X,0,5,99,0,66,86,2,-4,2,-2,0,連撃,2,根性,2,,,,,,,隻眼狩猟の証１,1,隻眼の甲殻,3,イカしたクチバシ,3,尖竜骨,4
LV1 隻眼キャップ,0,0,X,0,5,99,0,33,43,3,-4,3,-2,0,連撃,2,根性,2,,,,,,,隻眼狩猟の証１,1,隻眼の甲殻,3,イカしたクチバシ,3,尖竜骨,4
LV6 隻眼ヘルム,0,0,X,0,7,99,0,90,120,2,-4,2,-2,0,連撃,2,根性,2,隻眼,2,,,,,隻眼狩猟の証６,1,隻眼の甲殻,2,,,,
LV6 隻眼キャップ,0,0,X,0,7,99,0,45,60,3,-4,3,-2,0,連撃,2,根性,2,隻眼,3,,,,,隻眼狩猟の証６,1,隻眼の甲殻,2,,,,
LV1 黒炎王ヘルム,0,0,X,0,6,99,0,68,88,5,0,-2,0,-3,聴覚保護,3,痛撃,2,,,,,,,黒炎王狩猟の証１,1,黒炎王の鱗,2,爆炎袋,5,異形の骨,2
LV1 黒炎王キャップ,0,0,X,0,6,99,0,34,44,5,1,-2,1,-3,聴覚保護,3,痛撃,2,,,,,,,黒炎王狩猟の証１,1,黒炎王の鱗,2,爆炎袋,5,異形の骨,2
LV6 黒炎王ヘルム,0,0,X,0,7,99,0,92,122,5,0,-2,0,-3,聴覚保護,3,痛撃,2,黒炎王,2,,,,,黒炎王狩猟の証６,1,黒炎王の堅殻,2,,,,
LV6 黒炎王キャップ,0,0,X,0,7,99,0,46,61,5,1,-2,1,-3,聴覚保護,3,痛撃,2,黒炎王,3,,,,,黒炎王狩猟の証６,1,黒炎王の堅殻,2,,,,
LV1 金雷公ヘルム,0,0,X,0,6,99,0,68,88,0,0,4,-3,1,狂撃耐性,2,スタミナ,2,,,,,,,金雷公狩猟の証１,1,金雷公の旋角,1,雷狼竜の高電毛,5,異形の骨,2
LV1 金雷公キャップ,0,0,X,0,6,99,0,34,44,0,0,5,-3,1,狂撃耐性,2,スタミナ,2,,,,,,,金雷公狩猟の証１,1,金雷公の旋角,1,雷狼竜の高電毛,5,異形の骨,2
LV6 金雷公ヘルム,0,0,X,0,7,99,0,92,122,0,0,4,-3,1,狂撃耐性,2,スタミナ,2,金雷公,2,,,,,金雷公狩猟の証６,1,金雷公の甲殻,2,,,,
LV6 金雷公キャップ,0,0,X,0,7,99,0,46,61,0,0,5,-3,1,狂撃耐性,2,スタミナ,2,金雷公,3,,,,,金雷公狩猟の証６,1,金雷公の甲殻,2,,,,
LV1 荒鉤爪ヘルム,0,0,X,0,6,99,0,70,90,2,1,-4,1,-2,抜刀会心,2,重撃,2,,,,,,,荒鉤爪狩猟の証１,1,荒鉤爪の鱗,3,轟竜の頭殻,2,堅竜骨,5
LV1 荒鉤爪キャップ,0,0,X,0,6,99,0,35,45,3,1,-4,1,-2,通常弾強化,2,重撃,2,,,,,,,荒鉤爪狩猟の証１,1,荒鉤爪の鱗,3,轟竜の頭殻,2,堅竜骨,5
LV6 荒鉤爪ヘルム,0,0,X,0,7,99,0,94,124,2,1,-4,1,-2,抜刀会心,2,重撃,2,荒鉤爪,2,,,,,荒鉤爪狩猟の証６,1,荒鉤爪の鱗,2,,,,
LV6 荒鉤爪キャップ,0,0,X,0,7,99,0,47,62,3,1,-4,1,-2,通常弾強化,2,重撃,2,荒鉤爪,3,,,,,荒鉤爪狩猟の証６,1,荒鉤爪の鱗,2,,,,
LV1 燼滅刃ヘルム,0,0,X,0,6,99,0,70,90,4,-3,1,-2,0,研磨術,2,加護,2,,,,,,,燼滅刃狩猟の証１,1,燼滅刃の鱗,2,斬竜の鋭牙,5,異形の骨,2
LV1 燼滅刃キャップ,0,0,X,0,6,99,0,35,45,4,-3,1,-2,0,研磨術,2,加護,2,,,,,,,燼滅刃狩猟の証１,1,燼滅刃の鱗,2,斬竜の鋭牙,5,異形の骨,2
LV6 燼滅刃ヘルム,0,0,X,0,7,99,0,94,124,4,-3,1,-2,0,研磨術,2,加護,2,燼滅刃,2,,,,,燼滅刃狩猟の証６,1,燼滅刃の鱗,2,,,,
LV6 燼滅刃キャップ,0,0,X,0,7,99,0,47,62,4,-3,1,-2,0,研磨術,2,加護,2,燼滅刃,3,,,,,燼滅刃狩猟の証６,1,燼滅刃の鱗,2,,,,
ニセたま頭タイツ,0,0,3,0,1,99,0,18,80,2,1,0,0,0,笛,3,運搬,3,スタミナ,2,,,,,ぐでぐでとした卵,1,赤熱した火炎嚢,1,鋼のたまご,1,海綿質の皮,3
ニセたま頭スーツ,0,0,3,0,1,99,0,9,40,3,1,0,0,0,スタミナ,3,笛,3,運搬,3,,,,,ぐでぐでとした卵,1,赤熱した火炎嚢,1,鋼のたまご,1,海綿質の皮,3
瑞星【兜】,1,0,3,0,3,99,0,24,86,1,1,1,1,1,スタミナ,2,本気,2,気絶,-2,,,,,スタジオパス,1,赤熱した火炎嚢,3,斬竜の牙,4,海竜の角,2
景星【兜】,1,0,3,1,3,99,0,12,43,2,2,2,2,2,スタミナ,2,本気,2,気絶,-2,,,,,スタジオパス,1,赤熱した火炎嚢,3,斬竜の牙,4,海竜の角,2
夢見【冠】,2,0,3,1,3,99,0,24,86,1,1,1,1,1,本気,3,スタミナ,2,連撃,1,,,,,スタジオパス,1,赤熱した火炎嚢,3,斬竜の牙,4,海竜の角,2
夢語【冠】,2,0,3,1,3,99,0,12,43,2,2,2,2,2,スタミナ,3,本気,3,連撃,1,,,,,スタジオパス,1,赤熱した火炎嚢,3,斬竜の牙,4,海竜の角,2
ニセたまＳ頭タイツ,0,0,4,0,4,99,0,32,94,2,1,0,0,0,笛,3,運気,3,スタミナ,2,,,,,ぐでぐでとした卵,2,海綿質の上皮,3,銀のたまご,1,爆炎袋,2
ニセたまＳ頭スーツ,0,0,4,0,4,99,0,16,47,3,1,0,0,0,スタミナ,3,笛,3,運気,3,,,,,ぐでぐでとした卵,2,海綿質の上皮,3,銀のたまご,1,爆炎袋,2
シャドウアイ,0,0,5,2,4,99,0,24,55,4,0,2,4,0,気絶,8,,,,,,,,,モンハン部認定証,1,翼蛇竜の上皮,5,ノヴァクリスタル,2,夜鳥の金羽,1
海賊Ｊハット,0,0,6,0,6,99,0,52,114,0,0,0,0,0,運気,3,護石王,2,気まぐれ,-2,,,,,海賊Ｊチケット,1,獰猛化溶岩竜鱗,1,溶岩竜の堅殻,4,炎戈竜の碇口,2
海賊Ｊロジャー,0,0,6,0,6,99,0,26,57,0,0,0,0,0,運気,4,護石王,2,気まぐれ,-2,,,,,海賊Ｊチケット,1,獰猛化溶岩竜鱗,1,溶岩竜の堅殻,4,炎戈竜の碇口,2
スターナイトヘルム,0,0,6,0,4,99,0,52,114,1,1,1,1,1,広域,3,研磨術,2,跳躍,2,,,,,スタジオＷパス,1,巨獣の堅殻,4,赤熱した紅焔嚢,2,巨獣の鼻棘,4
スターナイトキャップ,0,0,6,1,4,99,0,26,57,2,2,2,2,2,広域,3,研磨術,2,跳躍,2,,,,,スタジオＷパス,1,巨獣の堅殻,4,赤熱した紅焔嚢,2,巨獣の鼻棘,4
ライクロニット帽,0,0,6,1,6,99,0,54,116,0,-1,4,-2,1,聴覚保護,3,回避距離,3,気絶,1,,,,,ユニクロＳコイン,1,電竜の堅冠甲,2,電竜の鱗,6,雷狼竜の高電毛,4
ライクロヘッドホン,0,0,6,1,6,99,0,27,58,0,-1,5,-2,1,聴覚保護,4,回避距離,3,気絶,1,,,,,ユニクロＳコイン,1,電竜の堅冠甲,2,電竜の鱗,6,雷狼竜の高電毛,4
大海賊Ｊハット,0,0,6,0,6,99,0,56,118,-4,-4,-4,-4,-4,運気,3,剥ぎ取り,2,捕獲,2,,,,,海賊Ｊチケット,1,獰猛化溶岩竜鱗,1,溶岩竜の鋭牙,2,火竜の上鱗,5
大海賊Ｊロジャー,0,0,6,0,6,99,0,28,59,-3,-3,-3,-3,-3,運気,4,剥ぎ取り,2,捕獲,2,,,,,海賊Ｊチケット,1,獰猛化溶岩竜鱗,1,溶岩竜の鋭牙,2,火竜の上鱗,5
ブルースターロポス,0,0,6,2,4,99,0,56,118,1,1,1,1,1,耐震,2,体術,2,,,,,,,スタジオＸパス,1,泡狐竜の紫上毛,4,夜鳥の上羽鱗,4,火竜の甲殻,5
ブルースターハット,0,0,6,2,4,99,0,28,59,2,2,2,2,2,体術,2,采配,2,,,,,,,スタジオＸパス,1,泡狐竜の紫上毛,4,夜鳥の上羽鱗,4,火竜の甲殻,5
バリアスーツバイザー,1,0,6,0,4,99,0,64,126,4,4,4,4,-4,炎熱適応,3,属性耐性,3,腹減り,-3,,,,,サムスコイン,1,獰猛化黒狼鳥鱗,1,ノヴァクリスタル,2,イカしたクチバシ,3
バリアスーツスコープ,1,0,6,1,4,99,0,32,63,5,5,5,5,-3,炎熱適応,3,属性耐性,3,腹減り,-3,,,,,サムスコイン,1,獰猛化黒狼鳥鱗,1,ノヴァクリスタル,2,イカしたクチバシ,3
ゼロスーツフェイス,2,0,6,0,4,99,0,48,110,4,4,4,4,-4,気力回復,3,回避性能,3,防御,-3,,,,,サムスコイン,1,獰猛化黒狼鳥鱗,1,ノヴァクリスタル,2,イカしたクチバシ,3
ゼロスーツマスク,2,0,6,1,4,99,0,24,55,5,5,5,5,-3,気力回復,3,回避性能,3,防御,-3,,,,,サムスコイン,1,獰猛化黒狼鳥鱗,1,ノヴァクリスタル,2,イカしたクチバシ,3
うしおヘッド,0,0,7,0,4,99,0,60,122,3,0,3,0,3,体術,8,,,,,,,,,うしおコイン,1,獰猛化泡狐竜鱗,1,泡狐竜の紫上毛,5,迅竜の上黒毛,3
うしおヘア,0,0,7,1,4,99,0,30,61,3,1,3,1,3,体術,8,,,,,,,,,うしおコイン,1,獰猛化泡狐竜鱗,1,泡狐竜の紫上毛,5,迅竜の上黒毛,3
瑞星・覇【兜】,1,0,7,0,4,99,0,64,126,1,1,1,1,1,スタミナ,2,本気,2,気絶,-2,,,,,スタジオＧパス,1,獰猛化斬竜鱗,1,電竜の堅冠甲,3,赤熱した火炎嚢,3
景星・覇【兜】,1,0,7,1,4,99,0,32,63,2,2,2,2,2,スタミナ,2,本気,2,気絶,-2,,,,,スタジオＧパス,1,獰猛化斬竜鱗,1,電竜の堅冠甲,3,赤熱した火炎嚢,3
夢見・覇【冠】,2,0,7,1,4,99,0,64,126,1,1,1,1,1,本気,3,スタミナ,2,連撃,1,,,,,スタジオＧパス,1,獰猛化斬竜鱗,1,電竜の堅冠甲,3,赤熱した火炎嚢,3
夢語・覇【冠】,2,0,7,1,4,99,0,32,63,2,2,2,2,2,スタミナ,3,本気,3,連撃,1,,,,,スタジオＧパス,1,獰猛化斬竜鱗,1,電竜の堅冠甲,3,赤熱した火炎嚢,3
スタールークヘルム,0,0,7,0,4,99,0,64,126,0,0,0,0,0,ガード性能,3,斬れ味,2,装填数,2,,,,,スタジオＧパス,1,獰猛化電竜鱗,1,斬竜の鋭牙,4,電竜の冠甲,3
スタールークキャップ,0,0,7,0,4,99,0,32,63,0,0,0,0,0,精密射撃,3,装填速度,2,装填数,2,,,,,スタジオＧパス,1,獰猛化電竜鱗,1,斬竜の鋭牙,4,電竜の冠甲,3
勇者の帽子,0,0,7,1,4,99,0,64,126,2,2,2,2,2,剣術,2,無傷,2,効果持続,2,,,,,トライフォース,1,砕竜の尖頭殻,2,巨獣の剛毛,4,雌火竜の翼膜,3
勇者の頭巾,0,0,7,1,4,99,0,32,63,3,3,3,3,3,装填数,2,無傷,2,効果持続,2,,,,,トライフォース,1,砕竜の尖頭殻,2,巨獣の剛毛,4,雌火竜の翼膜,3
王者のヘッドギア,0,0,7,0,6,99,0,66,128,4,4,4,4,4,闘魂,3,食事,3,気配,-2,,,,,地下闘技場入場券,1,獰猛化巨獣毛,1,金獅子の鋭牙,3,巨獣の赤毛,5
強者のヘッドギア,0,0,7,0,6,99,0,33,64,5,5,5,5,5,闘魂,3,食事,3,気配,-2,,,,,地下闘技場入場券,1,獰猛化巨獣毛,1,金獅子の鋭牙,3,巨獣の赤毛,5
ヘルムオブレイジ,1,0,7,0,8,99,0,66,128,2,2,2,2,2,聴覚保護,3,本気,3,効果持続,-3,,,,,女神の抱擁,1,獰猛化恐暴竜鱗,1,恐暴竜の大牙,4,金獅子の黒毛,3
キャップオブレイジ,1,0,7,0,8,99,0,33,64,3,3,3,3,3,聴覚保護,3,本気,3,効果持続,-3,,,,,女神の抱擁,1,獰猛化恐暴竜鱗,1,恐暴竜の大牙,4,金獅子の黒毛,3
ヘルムオブアナト,2,0,7,0,8,99,0,66,128,2,2,2,2,2,聴覚保護,3,本気,3,効果持続,-3,,,,,女神の抱擁,1,獰猛化恐暴竜鱗,1,恐暴竜の大牙,4,金獅子の黒毛,3
キャップオブアナト,2,0,7,0,8,99,0,33,64,3,3,3,3,3,聴覚保護,3,本気,3,効果持続,-3,,,,,女神の抱擁,1,獰猛化恐暴竜鱗,1,恐暴竜の大牙,4,金獅子の黒毛,3
ゾディアスヘルム,0,0,7,0,8,99,0,68,130,1,1,1,1,1,跳躍,3,回避性能,2,無心,2,,,,,冥天の星くず,1,炎王龍の尖角,2,炎王龍のたてがみ,4,炎龍の宝玉,1
ゾディアスキャップ,0,0,7,0,8,99,0,34,65,2,2,2,2,2,回避性能,3,跳躍,3,無心,2,,,,,冥天の星くず,1,炎王龍の尖角,2,炎王龍のたてがみ,4,炎龍の宝玉,1
逆巻く怒髪,0,0,7,0,6,99,0,70,132,4,4,4,4,4,本気,4,肉食,4,気配,-4,,,,,地下闘技場入場券,1,獰猛化巨獣毛,1,恐暴竜の頭殻,2,炎王龍のたてがみ,4
威圧の逆髪,0,0,7,1,6,99,0,35,66,5,5,5,5,5,本気,4,肉食,4,気配,-4,,,,,地下闘技場入場券,1,獰猛化巨獣毛,1,恐暴竜の頭殻,2,炎王龍のたてがみ,4
飛竜の面・空,0,0,7,2,8,99,0,60,122,2,2,2,2,2,跳躍,1,気力回復,3,回避距離,2,,,,,迅竜の黒毛,4,火竜の上鱗,4,歴戦の漆黒皮,2,オプション,1
飛竜の面・地,0,0,7,2,8,99,0,30,61,2,2,3,2,2,跳躍,2,気力回復,3,回避距離,2,,,,,迅竜の黒毛,4,火竜の上鱗,4,歴戦の漆黒皮,2,オプション,1
スターロードバンド,0,0,7,0,8,99,0,62,124,3,0,0,0,3,会心強化,3,痛撃,2,狂撃耐性,1,,,,,夜鳥の耳,5,金火竜の上鱗,4,獰猛化銀火竜鱗,1,シーリングシールド,1
スターロードフープ,0,0,7,0,8,99,0,31,62,3,0,0,0,4,会心強化,3,痛撃,2,狂撃耐性,2,,,,,夜鳥の耳,5,金火竜の上鱗,4,獰猛化銀火竜鱗,1,シーリングシールド,1
