#名前,"性別(0=両,1=男,2=女)","タイプ(0=両方,1=剣士,2=ガンナー)",レア度,スロット数,入手時期／集☆（99=集入手不可）,入手時期／村☆（99=村入手不可）,入手時期集村(0=or/1=and),初期防御力,最終防御力,火耐性,水耐性,雷耐性,氷耐性,龍耐性,スキル系統1,スキル値1,スキル系統2,スキル値2,スキル系統3,スキル値3,スキル系統4,スキル値4,スキル系統5,スキル値5,生産素材1,個数,生産素材2,個数,生産素材3,個数,生産素材4,個数
レザーパンツ,0,0,1,1,1,1,0,1,34,0,0,0,0,0,採取,3,,,,,,,,,首鳴竜の皮,2,,,,,,
チェーンパンツ,0,0,1,0,1,1,0,2,35,0,0,1,0,0,体力,5,,,,,,,,,鉄鉱石,2,暖かい毛皮,2,,,,
ベルダーグリーヴ,0,0,1,0,1,1,0,2,35,0,1,0,0,0,加護,3,,,,,,,,,暖かい毛皮,1,鉄鉱石,2,,,,
ハントグリーヴ,0,1,1,2,1,1,0,2,68,1,0,0,0,0,高速設置,3,,,,,,,,,鉄鉱石,2,ランポスの皮,1,,,,
ハントレギンス,0,2,1,2,1,1,0,1,34,2,0,0,0,0,高速設置,3,,,,,,,,,鉄鉱石,2,ランポスの皮,1,,,,
マフモフブーツ,0,0,1,0,1,1,0,2,35,-1,0,0,2,0,耐寒,4,,,,,,,,,暖かい毛皮,2,ガウシカの角,2,,,,
ユクモノハカマ,0,0,1,2,1,1,0,2,35,0,0,1,0,0,回避性能,2,,,,,,,,,ユクモの木,2,セッチャクロアリ,2,,,,
ロックラックブーツ,0,0,1,0,1,1,0,2,35,1,0,0,0,2,運搬,4,耐暑,1,,,,,,,甲虫の大顎,3,モンスターの体液,2,大地の結晶,2,,
ハンターグリーヴ,0,1,1,2,1,1,0,6,72,0,0,0,0,0,狩人,1,,,,,,,,,ファンゴの毛皮,1,ジャギィの皮,2,竜骨【小】,2,,
ハンターレギンス,0,2,1,2,1,1,0,3,36,0,0,0,0,0,狩人,1,,,,,,,,,ファンゴの毛皮,1,ジャギィの皮,2,竜骨【小】,2,,
ボーングリーヴ,0,1,1,0,1,1,0,6,72,0,0,0,-1,0,笛,6,,,,,,,,,竜骨【中】,2,なぞの骨,2,ランポスの皮,1,,
ボーンレギンス,0,2,1,0,1,1,0,3,36,0,0,0,-1,0,笛,6,,,,,,,,,竜骨【中】,2,なぞの骨,2,ランポスの皮,1,,
狩人の革臑当,0,1,1,0,1,1,0,6,72,0,1,0,0,0,野草知識,5,,,,,,,,,ガウシカの角,1,暖かい毛皮,4,鉄鉱石,1,,
狩人の革長靴,0,2,1,0,1,1,0,3,36,0,1,0,0,0,野草知識,5,,,,,,,,,ガウシカの角,1,暖かい毛皮,4,鉄鉱石,1,,
跳狗竜の革臑当,0,1,1,2,1,1,0,6,72,0,0,1,0,0,減気攻撃,3,,,,,,,,,マッカォの皮,3,マッカォの鱗,1,鳥竜種の牙,4,,
跳狗竜の革長靴,0,2,1,2,1,1,0,3,36,0,0,1,0,0,減気攻撃,3,,,,,,,,,マッカォの皮,3,マッカォの鱗,1,鳥竜種の牙,4,,
狗竜の革臑当,0,1,1,2,1,1,0,6,72,0,0,0,1,0,達人,3,,,,,,,,,ジャギィの皮,3,ジャギィの鱗,1,鳥竜種の牙,4,,
狗竜の革長靴,0,2,1,2,1,1,0,3,36,0,0,0,1,0,達人,3,,,,,,,,,ジャギィの皮,3,ジャギィの鱗,1,鳥竜種の牙,4,,
ジャギィグリーヴ,0,1,1,1,1,1,0,6,72,-2,0,0,0,0,火属性攻撃,2,,,,,,,,,ジャギィの皮,4,ジャギィの鱗,2,竜骨【中】,2,マカライト鉱石,2
ジャギィレギンス,0,2,1,1,1,1,0,3,36,-2,0,0,0,0,火属性攻撃,2,,,,,,,,,ジャギィの皮,4,ジャギィの鱗,2,竜骨【中】,2,マカライト鉱石,2
マッカォグリーヴ,0,1,1,1,1,1,0,8,74,-2,0,0,0,0,跳躍,2,,,,,,,,,跳狗竜の鱗,3,跳狗竜の赤皮,2,首鳴竜の皮,4,,
マッカォレギンス,0,2,1,1,1,1,0,4,37,-2,1,1,1,1,跳躍,1,,,,,,,,,跳狗竜の鱗,3,跳狗竜の赤皮,2,首鳴竜の皮,4,,
ランポスグリーヴ,0,1,1,2,1,2,0,8,74,0,0,0,-2,0,気絶,3,麻痺,-3,,,,,,,ランポスの皮,2,ランポスの鱗,3,竜骨【小】,4,鉄鉱石,4
ランポスレギンス,0,2,1,2,1,2,0,4,37,0,1,1,-2,0,気絶,2,麻痺,-3,,,,,,,ランポスの皮,2,ランポスの鱗,3,竜骨【小】,4,鉄鉱石,4
ギアノスグリーヴ,0,1,1,3,1,2,0,8,74,0,0,-1,2,0,,,,,,,,,,,ギアノスの鱗,2,ギアノスの皮,2,大地の結晶,2,竜骨【小】,2
ギアノスレギンス,0,2,1,3,1,2,0,4,37,0,0,-1,3,0,,,,,,,,,,,ギアノスの鱗,2,ギアノスの皮,2,大地の結晶,2,竜骨【小】,2
ゲネポスグリーヴ,0,1,1,0,1,2,0,10,76,0,0,1,-2,0,雷属性攻撃,5,,,,,,,,,ゲネポスの大皮,2,ゲネポスの皮,4,鉄鉱石,4,ファンゴの毛皮,2
ゲネポスレギンス,0,2,1,0,1,2,0,5,38,1,0,2,-2,0,雷属性攻撃,5,,,,,,,,,ゲネポスの大皮,2,ゲネポスの皮,4,鉄鉱石,4,ファンゴの毛皮,2
ランゴグリーヴ,0,1,1,2,2,3,0,10,76,-2,1,1,1,2,特殊攻撃,2,属性攻撃,-1,,,,,,,ランゴスタの羽,2,円盤石,3,モンスターの体液,1,,
ランゴレギンス,0,2,1,2,2,3,0,5,38,-2,2,2,2,3,特殊攻撃,1,属性攻撃,-1,,,,,,,ランゴスタの羽,2,円盤石,3,モンスターの体液,1,,
タロスグリーヴ,0,1,1,1,1,3,0,10,76,-1,-1,-1,-1,4,龍耐性,3,龍属性攻撃,3,,,,,,,カンタロスの羽,3,カンタロスの甲殻,3,大地の結晶,4,キラビートル,1
タロスレギンス,0,2,1,1,1,3,0,5,38,-1,-1,-1,-1,6,龍耐性,3,龍属性攻撃,2,,,,,,,カンタロスの羽,3,カンタロスの甲殻,3,大地の結晶,4,キラビートル,1
ブナハブーツ,0,1,1,0,1,3,0,10,76,-2,0,0,0,2,斬れ味,5,火耐性,-3,,,,,,,飛甲虫の甲殻,2,飛甲虫の羽,3,キラビートル,2,セッチャクロアリ,3
ブナハフット,0,2,1,0,1,3,0,5,38,-2,1,1,1,3,弾薬節約,5,火耐性,-3,,,,,,,飛甲虫の甲殻,2,飛甲虫の羽,3,キラビートル,2,セッチャクロアリ,3
モスフット,0,0,1,0,1,1,0,5,38,0,0,0,0,0,食いしん坊,3,,,,,,,,,モスの苔皮,1,ファンゴの毛皮,2,大猪の皮,1,セッチャクロアリ,1
リノプログリーヴ,0,1,1,0,1,2,0,12,78,2,0,0,-2,0,砲術,3,,,,,,,,,草食竜の甲殻,2,竜骨【小】,6,氷結晶,2,,
リノプロレギンス,0,2,1,0,1,2,0,6,39,3,0,0,-2,0,砲術,2,,,,,,,,,草食竜の甲殻,2,竜骨【小】,6,氷結晶,2,,
ファンゴグリーヴ,0,1,1,1,1,2,0,12,78,0,2,-2,1,0,攻撃,3,,,,,,,,,大猪の皮,3,大猪の牙,2,マカライト鉱石,3,,
ファンゴレギンス,0,2,1,1,1,2,0,6,39,0,3,-2,1,0,攻撃,3,,,,,,,,,大猪の皮,3,大猪の牙,2,マカライト鉱石,3,,
アシラグリーヴ,0,1,1,0,2,2,0,14,80,-2,0,-2,0,0,防御,5,ハチミツ,2,攻撃,-5,,,,,青熊獣の腕甲,2,青熊獣の毛,2,飛甲虫の甲殻,2,キラビートル,2
アシラレギンス,0,2,1,0,2,2,0,7,40,-2,0,-2,0,0,防御,5,ハチミツ,2,攻撃,-5,,,,,青熊獣の腕甲,2,青熊獣の毛,2,飛甲虫の甲殻,2,キラビートル,2
ガレオスグリーヴ,0,1,1,2,1,2,0,14,80,2,0,0,-3,0,水属性攻撃,3,耐暑,1,耐寒,-1,,,,,砂竜の鱗,4,砂竜のヒレ,1,鉄鉱石,4,キラビートル,3
ガレオスレギンス,0,2,1,2,1,2,0,7,40,2,0,0,-3,0,水属性攻撃,2,耐暑,1,耐寒,-1,,,,,砂竜の鱗,4,砂竜のヒレ,1,鉄鉱石,4,キラビートル,3
ブレイブパンツ,0,0,2,1,3,4,0,8,39,0,0,0,0,0,火属性攻撃,4,,,,,,,,,ベルナチケット,1,ドラグライト鉱石,2,暖かい毛皮,1,鳥竜種の牙,2
アロイグリーヴ,0,1,2,2,2,3,0,12,74,-1,0,-1,-1,0,研ぎ師,1,,,,,,,,,ベアライト石,2,マカライト鉱石,4,鉄鉱石,2,,
アロイレギンス,0,2,2,2,2,3,0,6,37,-1,0,-1,-1,0,装填速度,1,,,,,,,,,ベアライト石,2,マカライト鉱石,4,鉄鉱石,2,,
バトルグリーヴ,0,1,2,1,3,4,0,12,74,1,-1,-1,0,0,ガード性能,3,,,,,,,,,縞模様の皮,1,暖かい毛皮,1,イーオスの鱗,5,大地の結晶,3
バトルレギンス,0,2,2,1,3,4,0,6,37,2,-1,-1,0,0,反動,3,,,,,,,,,縞模様の皮,1,暖かい毛皮,1,イーオスの鱗,5,大地の結晶,3
インゴットグリーヴ,0,1,2,0,3,4,0,14,76,-1,-1,1,0,0,風圧,5,運気,-2,,,,,,,ドラグライト鉱石,3,紅蓮石,2,円盤石,4,マカライト鉱石,5
インゴットレギンス,0,2,2,0,3,4,0,7,38,-1,-1,2,0,0,風圧,5,運気,-2,,,,,,,ドラグライト鉱石,3,紅蓮石,2,円盤石,4,マカライト鉱石,5
ハイメタグリーヴ,0,1,2,1,3,4,0,14,76,0,-1,2,-1,0,雷耐性,4,聴覚保護,1,,,,,,,ドラグライト鉱石,3,マカライト鉱石,2,鉄鉱石,3,マッカォの鱗,3
ハイメタレギンス,0,2,2,1,3,4,0,7,38,0,-1,3,-1,0,雷耐性,4,聴覚保護,1,,,,,,,ドラグライト鉱石,3,マカライト鉱石,2,鉄鉱石,3,マッカォの鱗,3
メタルブーツ,0,1,2,0,3,4,0,12,74,0,2,-2,0,0,火属性攻撃,7,,,,,,,,,ドラグライト鉱石,3,鉄鉱石,8,キラビートル,2,,
メタルフット,0,2,2,0,3,4,0,6,37,0,3,-2,0,0,火属性攻撃,7,,,,,,,,,ドラグライト鉱石,3,鉄鉱石,8,キラビートル,2,,
メルホアライース,0,1,2,0,1,3,0,12,74,0,1,1,0,0,採取,4,野草知識,2,,,,,,,ドスビスカス,1,ライトクリスタル,1,セッチャクロアリ,3,げどく草,3
メルホアヴルツェル,0,2,2,0,1,3,0,6,37,0,1,1,0,0,採取,4,野草知識,2,,,,,,,ドスビスカス,1,ライトクリスタル,1,セッチャクロアリ,3,げどく草,3
マカルパパンツ,0,1,2,2,1,2,0,14,76,1,2,-2,0,0,調合成功率,1,,,,,,,,,春夜鯉,1,砂竜のヒレ,3,大食いマグロ,2,調合書①入門編,1
マカルパパルミュ,0,2,2,2,1,2,0,7,38,1,3,-2,0,0,調合成功率,1,,,,,,,,,春夜鯉,1,砂竜のヒレ,3,大食いマグロ,2,調合書①入門編,1
オウビートガンバ,1,1,2,0,2,4,0,18,80,2,-2,2,-2,3,体術,4,攻撃,2,スタミナ,-2,,,,,オオツノアゲハ,1,ベアライト石,1,モンスターの体液,3,水袋,2
オウビートフェムル,1,2,2,0,2,4,0,9,40,3,-2,2,-2,4,体術,3,攻撃,2,スタミナ,-2,,,,,オオツノアゲハ,1,ベアライト石,1,モンスターの体液,3,水袋,2
パピメルガンバ,2,1,2,0,2,4,0,18,80,2,-2,2,-2,3,体術,4,攻撃,2,スタミナ,-2,,,,,オオツノアゲハ,1,ベアライト石,1,モンスターの体液,3,水袋,2
パピメルフェムル,2,2,2,0,2,4,0,9,40,3,-2,2,-2,4,体術,3,攻撃,2,スタミナ,-2,,,,,オオツノアゲハ,1,ベアライト石,1,モンスターの体液,3,水袋,2
デスギアフェルゼ,0,1,2,0,2,3,0,16,78,2,1,1,-1,0,龍属性攻撃,5,,,,,,,,,禍々しい布,1,イーオスの紫鱗,2,竜骨【中】,4,セッチャクロアリ,2
デスギアヴィレ,0,2,2,0,2,3,0,8,39,3,1,1,-1,0,龍属性攻撃,5,,,,,,,,,禍々しい布,1,イーオスの紫鱗,2,竜骨【中】,4,セッチャクロアリ,2
マギュルライース,0,1,2,0,2,3,0,14,76,-3,1,0,2,0,溜め短縮,5,体術,-3,,,,,,,ペピポパンプキン,1,竜骨【大】,1,はじけクルミ,10,セッチャクロアリ,5
マギュルヴルツェル,0,2,2,0,2,3,0,7,38,-3,2,0,3,0,溜め短縮,5,体術,-3,,,,,,,ペピポパンプキン,1,竜骨【大】,1,はじけクルミ,10,セッチャクロアリ,5
エーデルライース,0,1,2,0,1,3,0,14,76,-1,3,-1,0,0,広域,3,野草知識,3,,,,,,,星見の花,1,水袋,1,セッチャクロアリ,5,ユクモの木,1
エーデルヴルツェル,0,2,2,0,1,3,0,7,38,-1,4,-1,0,0,広域,3,野草知識,2,,,,,,,星見の花,1,水袋,1,セッチャクロアリ,5,ユクモの木,1
スカルダガンバ,1,1,2,2,1,1,0,18,80,3,-1,-1,-1,3,特殊会心,2,攻撃,-1,,,,,,,毒クモリ,1,クモの巣,5,麻痺袋,2,キラビートル,3
スカルダフェムル,1,2,2,2,1,1,0,9,40,4,-1,-1,-1,3,特殊会心,2,攻撃,-1,,,,,,,毒クモリ,1,クモの巣,5,麻痺袋,2,キラビートル,3
スパイオガンバ,2,1,2,2,1,1,0,18,80,3,-1,-1,-1,3,特殊会心,2,攻撃,-1,,,,,,,毒クモリ,1,クモの巣,5,麻痺袋,2,キラビートル,3
スパイオフェムル,2,2,2,2,1,1,0,9,40,4,-1,-1,-1,3,特殊会心,2,攻撃,-1,,,,,,,毒クモリ,1,クモの巣,5,麻痺袋,2,キラビートル,3
ドロスグリーヴ,0,1,2,1,1,3,0,12,74,-2,4,-1,0,0,節食,2,,,,,,,,,未熟な海綿質,3,水生獣の皮,3,暖かい毛皮,3,とがった爪,4
ドロスレギンス,0,2,2,1,1,3,0,6,37,-2,5,-1,0,0,節食,2,,,,,,,,,未熟な海綿質,3,水生獣の皮,3,暖かい毛皮,3,とがった爪,4
ランポスーツフット,0,1,2,0,3,4,0,10,72,1,2,1,1,1,運気,2,加護,-2,,,,,,,ランポスの大皮,3,ドラグライト鉱石,2,ランポスの大爪,2,鎌蟹の小殻,3
ランポスーツタイツ,0,2,2,0,3,4,0,5,36,1,3,1,1,1,運気,2,加護,-2,,,,,,,ランポスの大皮,3,ドラグライト鉱石,2,ランポスの大爪,2,鎌蟹の小殻,3
ゲネポスーツフット,0,1,2,0,3,4,0,10,72,1,1,2,1,1,運気,2,加護,-2,,,,,,,ゲネポスの大皮,3,ドスヘラクレス,2,ゲネポスの大牙,2,未熟な海綿質,3
ゲネポスーツタイツ,0,2,2,0,3,4,0,5,36,1,1,3,1,1,運気,2,加護,-2,,,,,,,ゲネポスの大皮,3,ドスヘラクレス,2,ゲネポスの大牙,2,未熟な海綿質,3
イーオスーツフット,0,1,2,0,3,4,0,10,72,2,1,1,1,1,運気,2,加護,-2,,,,,,,イーオスの大皮,3,溶岩獣の鱗,2,イーオスの紫鱗,2,盾蟹の小殻,3
イーオスーツタイツ,0,2,2,0,3,4,0,5,36,3,1,1,1,1,運気,2,加護,-2,,,,,,,イーオスの大皮,3,溶岩獣の鱗,2,イーオスの紫鱗,2,盾蟹の小殻,3
ガブラスーツフット,0,1,2,0,3,4,0,10,72,1,1,1,1,2,運気,2,加護,-2,,,,,,,縞模様の皮,5,ドスヘラクレス,1,ドラグライト鉱石,2,竜骨【小】,3
ガブラスーツタイツ,0,2,2,0,3,4,0,5,36,1,1,1,1,3,運気,2,加護,-2,,,,,,,縞模様の皮,5,ドスヘラクレス,1,ドラグライト鉱石,2,竜骨【小】,3
イーオスグリーヴ,0,1,2,0,2,3,0,14,76,2,-1,-1,0,0,毒,5,気絶,-5,,,,,,,イーオスの皮,2,イーオスの鱗,4,竜骨【小】,3,鉄鉱石,2
イーオスレギンス,0,2,2,0,2,3,0,7,38,3,-1,-1,0,0,毒,5,気絶,-5,,,,,,,イーオスの皮,2,イーオスの鱗,4,竜骨【小】,3,鉄鉱石,2
クックグリーヴ,0,1,2,2,1,3,0,16,78,4,-1,0,-3,0,攻撃,1,防御,-1,,,,,,,怪鳥の耳,2,怪鳥の甲殻,2,怪鳥の翼膜,2,マッカォの皮,2
クックレギンス,0,2,2,2,1,3,0,8,39,5,-1,0,-3,0,攻撃,1,防御,-1,,,,,,,怪鳥の耳,2,怪鳥の甲殻,2,怪鳥の翼膜,2,マッカォの皮,2
ウルクグリーヴ,0,1,2,1,1,3,0,14,76,-3,1,0,4,0,回避性能,3,体力,-3,,,,,,,白兎獣の毛,2,白兎獣の腹甲,2,白兎獣の氷爪,1,セッチャクロアリ,8
ウルクレギンス,0,2,2,1,1,3,0,7,38,-3,1,0,5,0,回避性能,3,体力,-3,,,,,,,白兎獣の毛,2,白兎獣の腹甲,2,白兎獣の氷爪,1,セッチャクロアリ,8
ゲリョスグリーヴ,0,1,2,1,1,3,0,16,78,-3,1,4,-1,0,スタミナ,3,腹減り,-3,,,,,,,ゴム質の皮,3,毒怪鳥の翼膜,1,大地の結晶,1,ゲネポスの皮,3
ゲリョスレギンス,0,2,2,1,1,3,0,8,39,-3,1,5,-1,0,スタミナ,3,腹減り,-3,,,,,,,ゴム質の皮,3,毒怪鳥の翼膜,1,大地の結晶,1,ゲネポスの皮,3
カブラグリーヴ,0,1,2,1,1,3,0,18,80,2,-3,-1,0,1,耐震,4,睡眠,-3,,,,,,,鬼蛙の爪,2,鬼蛙の甲殻,3,草食竜の甲殻,2,大地の結晶,3
カブラレギンス,0,2,2,1,1,3,0,9,40,3,-3,-1,0,1,耐震,3,睡眠,-3,,,,,,,鬼蛙の爪,2,鬼蛙の甲殻,3,草食竜の甲殻,2,大地の結晶,3
ザザミグリーヴ,0,1,2,3,1,3,0,20,82,-1,3,-3,0,1,,,,,,,,,,,盾蟹の爪,1,盾蟹の小殻,4,大猪の皮,2,マカライト鉱石,2
ザザミレギンス,0,2,2,3,1,3,0,10,41,-1,4,-3,0,1,,,,,,,,,,,盾蟹の爪,1,盾蟹の小殻,4,大猪の皮,2,マカライト鉱石,2
ラングログリーヴ,0,1,2,1,2,4,0,18,80,2,-3,0,-1,1,溜め短縮,2,気力回復,-2,,,,,,,赤甲獣の爪,2,赤甲獣の甲殻,2,赤甲獣の蛇腹甲,1,ベアライト石,4
ラングロレギンス,0,2,2,1,2,4,0,9,40,3,-3,0,-1,1,溜め短縮,2,気力回復,-2,,,,,,,赤甲獣の爪,2,赤甲獣の甲殻,2,赤甲獣の蛇腹甲,1,ベアライト石,4
ルドロスグリーヴ,0,1,2,0,1,3,0,18,80,-3,4,-1,0,0,腹減り,3,気力回復,1,,,,,,,水獣の爪,2,水獣の鱗,3,海綿質の皮,2,セッチャクロアリ,3
ルドロスレギンス,0,2,2,0,1,3,0,9,40,-3,5,-1,0,0,腹減り,3,気力回復,1,,,,,,,水獣の爪,2,水獣の鱗,3,海綿質の皮,2,セッチャクロアリ,3
ホロログリーヴ,0,1,2,2,2,4,0,18,80,-2,-2,1,1,0,痛撃,2,,,,,,,,,夜鳥の羽鱗,2,夜鳥の翼爪,2,マカライト鉱石,2,首鳴竜の皮,5
ホロロレギンス,0,2,2,2,2,4,0,9,40,-1,-2,1,1,0,痛撃,1,,,,,,,,,夜鳥の羽鱗,2,夜鳥の翼爪,2,マカライト鉱石,2,首鳴竜の皮,5
フルフルグリーヴ,0,1,2,1,2,3,0,18,80,-4,1,4,2,1,回復速度,4,回復量,1,,,,,,,ブヨブヨした皮,2,マカライト鉱石,2,ファンゴの毛皮,3,,
フルフルレギンス,0,2,2,1,2,3,0,9,40,-4,1,5,2,1,回復速度,4,回復量,1,,,,,,,ブヨブヨした皮,2,マカライト鉱石,2,ファンゴの毛皮,3,,
レイアグリーヴ,0,1,2,0,3,4,0,20,82,3,0,-2,0,-3,回復量,3,体力,1,回復速度,-3,,,,,雌火竜の甲殻,3,雌火竜の鱗,4,竜骨【大】,3,紅蓮石,1
レイアレギンス,0,2,2,0,3,4,0,10,41,4,0,-2,0,-3,回復量,3,体力,1,回復速度,-3,,,,,雌火竜の甲殻,3,雌火竜の鱗,4,竜骨【大】,3,紅蓮石,1
ハプルグリーヴ,0,1,2,1,2,3,0,20,82,2,0,-1,-3,1,食いしん坊,2,食事,2,回復量,-1,,,,,潜口竜の甲殻,3,潜口竜の爪,1,潜口竜の皮,3,甲虫の大顎,3
ハプルレギンス,0,2,2,0,2,3,0,10,41,3,0,-1,-3,1,食いしん坊,2,食事,2,回復量,-1,,,,,潜口竜の甲殻,3,潜口竜の爪,1,潜口竜の皮,3,甲虫の大顎,3
ブランゴグリーヴ,0,1,2,1,2,4,0,18,80,-4,1,0,4,0,氷属性攻撃,6,,,,,,,,,雪獅子の髭,1,とがった爪,5,獣骨,4,暖かい毛皮,2
ブランゴレギンス,0,2,2,1,2,4,0,9,40,-4,1,0,5,0,氷属性攻撃,6,,,,,,,,,雪獅子の髭,1,とがった爪,5,獣骨,4,暖かい毛皮,2
ギザミグリーヴ,0,1,2,1,2,4,0,20,82,1,2,-1,-1,0,達人,3,斬れ味,1,雷耐性,-2,,,,,鎌蟹の脚,2,鎌蟹の甲殻,3,マカライト鉱石,3,キラビートル,1
ギザミレギンス,0,2,2,1,2,4,0,10,41,2,2,-1,-1,0,達人,3,弾薬節約,1,雷耐性,-2,,,,,鎌蟹の脚,2,鎌蟹の甲殻,3,マカライト鉱石,3,キラビートル,1
ガララグリーヴ,0,1,2,1,3,4,0,20,82,1,-1,0,-3,1,捕獲,3,,,,,,,,,絞蛇竜の皮,3,絞蛇竜の甲殻,3,絞蛇竜の牙,3,溶岩獣の鱗,3
ガララレギンス,0,2,2,1,3,4,0,10,41,1,-1,1,-3,1,捕獲,3,,,,,,,,,絞蛇竜の皮,3,絞蛇竜の甲殻,3,絞蛇竜の牙,3,溶岩獣の鱗,3
ナルガグリーヴ,0,1,2,1,3,4,0,18,80,-2,1,-3,1,1,回避距離,4,,,,,,,,,迅竜の牙,6,迅竜の鱗,3,迅竜の尾棘,2,ドスヘラクレス,3
ナルガレギンス,0,2,2,1,3,4,0,9,40,-2,1,-2,1,1,回避距離,4,,,,,,,,,迅竜の牙,6,迅竜の鱗,3,迅竜の尾棘,2,ドスヘラクレス,3
サージュブーツ,0,1,2,0,2,3,0,18,80,0,0,0,0,0,細菌学,4,捕獲,1,底力,-2,,,,,雲羊鹿の毛玉,3,首鳴竜の皮,1,ゴム質の皮,2,,
サージュタイツ,0,2,2,0,2,3,0,9,40,0,0,0,0,0,細菌学,4,捕獲,1,底力,-2,,,,,雲羊鹿の毛玉,3,首鳴竜の皮,1,ゴム質の皮,2,,
ヴァイクグリーヴ,0,1,3,1,3,5,0,20,82,0,3,-2,-1,0,水属性攻撃,5,,,,,,,,,ヨロイシダイ,1,上竜骨,1,円盤石,3,はじけイワシ,20
ヴァイクレギンス,0,2,3,1,3,5,0,10,41,0,4,-2,-1,0,水属性攻撃,5,,,,,,,,,ヨロイシダイ,1,上竜骨,1,円盤石,3,はじけイワシ,20
ロワーガガンバ,1,1,3,1,3,5,0,20,82,-2,0,3,-2,2,気力回復,5,,,,,,,,,オオクワアゲハ,1,溶岩塊,1,ドスヘラクレス,1,ツチハチノコ,10
ロワーガフェムル,1,2,3,1,3,5,0,10,41,-2,0,3,-2,3,気力回復,5,,,,,,,,,オオクワアゲハ,1,溶岩塊,1,ドスヘラクレス,1,ツチハチノコ,10
ファルメルガンバ,2,1,3,1,3,5,0,20,82,-2,0,3,-2,2,気力回復,5,,,,,,,,,オオクワアゲハ,1,溶岩塊,1,ドスヘラクレス,1,ツチハチノコ,10
ファルメルフェムル,2,2,3,1,3,5,0,10,41,-2,0,3,-2,3,気力回復,5,,,,,,,,,オオクワアゲハ,1,溶岩塊,1,ドスヘラクレス,1,ツチハチノコ,10
アーティアグリーヴ,0,1,3,0,2,3,0,24,86,1,-2,-2,2,3,雷属性攻撃,6,,,,,,,,,さびた破片,1,ベアライト石,6,マカライト鉱石,8,鉄鉱石,14
アーティアレギンス,0,2,3,0,2,3,0,12,43,3,-2,-2,2,3,雷属性攻撃,6,,,,,,,,,さびた破片,1,ベアライト石,6,マカライト鉱石,8,鉄鉱石,14
ガルルガグリーヴ,0,1,3,1,2,5,0,22,84,2,-1,2,0,0,聴覚保護,3,水耐性,-4,,,,,,,黒狼鳥の鱗,5,黒狼鳥の甲殻,4,セッチャクロアリ,4,ゲネポスの大皮,2
ガルルガレギンス,0,2,3,1,2,5,0,11,42,3,-1,2,0,0,聴覚保護,3,水耐性,-4,,,,,,,黒狼鳥の鱗,5,黒狼鳥の甲殻,4,セッチャクロアリ,4,ゲネポスの大皮,2
ガンキングリーヴ,0,1,3,1,3,5,0,26,88,3,-4,0,-1,-2,抜刀減気,3,,,,,,,,,爆鎚竜の甲殻,4,爆鎚竜の鱗,4,溶岩塊,3,赤甲獣の蛇腹甲,3
ガンキンレギンス,0,2,3,1,3,5,0,13,44,4,-4,0,-1,-2,散弾強化,3,,,,,,,,,爆鎚竜の甲殻,4,爆鎚竜の鱗,4,溶岩塊,3,赤甲獣の蛇腹甲,3
レウスグリーヴ,0,1,3,0,3,5,0,24,86,4,0,-2,0,-4,攻撃,4,防御,-3,,,,,,,火竜の甲殻,3,火竜の鱗,4,火炎袋,2,マカライト鉱石,5
レウスレギンス,0,2,3,0,3,5,0,12,43,5,0,-2,0,-4,攻撃,4,防御,-3,,,,,,,火竜の甲殻,3,火竜の鱗,4,火炎袋,2,マカライト鉱石,5
ラギアグリーヴ,0,1,3,0,3,5,0,24,86,-3,2,4,-1,-2,ガード性能,3,気力回復,2,特殊攻撃,-2,,,,,海竜の鱗,2,海竜の皮,3,海竜の爪,3,ドスヘラクレス,3
ラギアレギンス,0,2,3,0,3,5,0,12,43,-3,2,5,-1,-2,貫通弾強化,3,気力回復,2,特殊攻撃,-2,,,,,海竜の鱗,2,海竜の皮,3,海竜の爪,3,ドスヘラクレス,3
ジンオウグリーヴ,0,1,3,1,3,6,0,22,84,0,-1,4,-4,1,本気,3,属性会心,2,氷耐性,-2,,,,,雷狼竜の蓄電殻,3,雷狼竜の甲殻,3,雷狼竜の爪,3,超電雷光虫,3
ジンオウレギンス,0,2,3,1,3,6,0,11,42,0,-1,5,-4,1,属性会心,2,本気,2,氷耐性,-2,,,,,雷狼竜の蓄電殻,3,雷狼竜の甲殻,3,雷狼竜の爪,3,超電雷光虫,3
ミツネグリーヴ,0,1,3,1,3,5,0,20,82,0,2,-3,1,-1,腹減り,3,泡沫,2,雷耐性,-2,,,,,泡狐竜の鱗,4,泡狐竜の紫毛,3,泡立つ滑液,3,マカライト鉱石,6
ミツネレギンス,0,2,3,1,3,5,0,10,41,0,2,-2,1,-1,腹減り,3,泡沫,2,雷耐性,-2,,,,,泡狐竜の鱗,4,泡狐竜の紫毛,3,泡立つ滑液,3,マカライト鉱石,6
ゼクスグリーヴ,0,1,3,1,3,5,0,24,86,0,-2,3,-3,2,気絶,3,連撃,1,氷耐性,-2,,,,,電竜の棘殻,4,電竜の帯電膜,2,電竜の鱗,4,ドラグライト鉱石,5
ゼクスレギンス,0,2,3,1,3,5,0,12,43,0,-2,4,-3,2,気絶,3,連撃,1,氷耐性,-2,,,,,電竜の棘殻,4,電竜の帯電膜,2,電竜の鱗,4,ドラグライト鉱石,5
ガムートグリーヴ,0,1,3,0,3,5,0,26,88,-3,1,-1,3,2,野草知識,4,寒冷適応,2,火耐性,-2,,,,,巨獣の牙,2,巨獣の毛,4,巨獣の甲殻,2,ファンゴの毛皮,8
ガムートレギンス,0,2,3,0,3,5,0,13,44,-3,1,-1,4,2,野草知識,4,寒冷適応,2,火耐性,-2,,,,,巨獣の牙,2,巨獣の毛,4,巨獣の甲殻,2,ファンゴの毛皮,8
ディノグリーヴ,0,1,3,2,3,6,0,24,86,3,-3,1,0,-1,剣術,1,研磨術,1,水耐性,-2,,,,,斬竜の甲殻,4,斬竜の炎状殻,2,紅蓮石,2,跳狗竜の赤皮,4
ディノレギンス,0,2,3,2,3,6,0,12,43,4,-3,1,0,-1,研磨術,1,反動,1,水耐性,-2,,,,,斬竜の甲殻,4,斬竜の炎状殻,2,紅蓮石,2,跳狗竜の赤皮,4
ゴアグリーヴ,0,1,3,1,3,6,0,24,86,-2,2,-1,2,-2,回避性能,3,ガード性能,-2,,,,,,,黒蝕竜の甲殻,3,黒蝕竜の鱗,1,黒蝕竜の惨爪,2,翼蛇竜の皮,5
ゴアレギンス,0,2,3,1,3,6,0,12,43,-2,3,-1,2,-2,回避性能,3,ガード性能,-2,,,,,,,黒蝕竜の甲殻,3,黒蝕竜の鱗,1,黒蝕竜の惨爪,2,翼蛇竜の皮,5
レギオスグリーヴ,0,1,3,0,3,6,0,24,86,2,0,-3,-2,0,体術,3,抜刀会心,1,スタミナ,-2,,,,,千刃竜の刃鱗,5,千刃竜の爪,5,千刃竜の翼爪,3,上竜骨,4
レギオスレギンス,0,2,3,0,3,6,0,12,43,4,0,-3,-2,0,体術,3,射法,1,スタミナ,-2,,,,,千刃竜の刃鱗,5,千刃竜の爪,5,千刃竜の翼爪,3,上竜骨,4
レックスグリーヴ,0,1,3,1,3,6,0,24,86,2,0,-3,0,-2,聴覚保護,2,食事,2,回復量,-1,,,,,轟竜の鱗,4,轟竜の爪,5,轟竜の甲殻,3,ドラグライト鉱石,2
レックスレギンス,0,2,3,1,3,6,0,12,43,4,0,-3,0,-2,聴覚保護,2,食事,2,回復量,-1,,,,,轟竜の鱗,4,轟竜の爪,5,轟竜の甲殻,3,ドラグライト鉱石,2
キリンレガース,0,1,3,1,3,6,0,26,88,-1,-1,3,0,2,属性攻撃,3,加護,1,効果持続,-2,,,,,キリンの皮,1,ブヨブヨした皮,2,ゴム質の皮,3,電気袋,3
キリンブーツ,0,2,3,1,3,6,0,13,44,-1,-1,4,0,2,属性攻撃,3,加護,1,効果持続,-2,,,,,キリンの皮,1,ブヨブヨした皮,2,ゴム質の皮,3,電気袋,3
ブラキグリーヴ,0,1,3,2,3,6,0,24,86,2,-4,0,-2,0,細菌学,1,闘魂,1,乗り,-2,,,,,砕竜の甲殻,4,なぞの粘菌,2,砕竜の拳,2,ドラグライト鉱石,5
ブラキレギンス,0,2,3,2,3,6,0,12,43,2,-3,0,-2,0,細菌学,1,闘魂,1,乗り,-2,,,,,砕竜の甲殻,4,なぞの粘菌,2,砕竜の拳,2,ドラグライト鉱石,5
アークグリーヴ,1,1,3,0,3,6,0,26,88,-2,2,0,2,-4,匠,3,無傷,2,,,,,,,天廻龍の甲殻,3,天廻龍の鱗,1,天廻龍の浄爪,3,上竜骨,4
アークレギンス,1,2,3,0,3,6,0,13,44,-2,2,0,2,-3,通常弾強化,2,無傷,2,,,,,,,天廻龍の甲殻,3,天廻龍の鱗,1,天廻龍の浄爪,3,上竜骨,4
フィリアグリーヴ,2,1,3,0,3,6,0,26,88,-2,2,0,2,-4,匠,3,無傷,2,,,,,,,天廻龍の甲殻,3,天廻龍の鱗,1,天廻龍の浄爪,3,上竜骨,4
フィリアレギンス,2,2,3,0,3,6,0,13,44,-2,2,0,2,-3,通常弾強化,2,無傷,2,,,,,,,天廻龍の甲殻,3,天廻龍の鱗,1,天廻龍の浄爪,3,上竜骨,4
クシャナペイル,0,1,3,0,3,99,0,26,88,-1,2,-2,3,-3,耐暑,2,重撃,2,,,,,,,鋼龍の甲殻,3,鋼の龍鱗,4,鋼龍の爪,1,ドラグライト鉱石,3
クシャナハディ,0,2,3,0,3,99,0,13,44,-1,2,-2,5,-3,耐暑,2,重撃,2,,,,,,,鋼龍の甲殻,3,鋼の龍鱗,4,鋼龍の爪,1,ドラグライト鉱石,3
ミヅハ【具足】,0,1,3,0,3,99,0,26,88,-5,1,0,2,-3,聴覚保護,2,風圧,1,,,,,,,霞龍の皮,2,霞龍の翼膜,1,ブヨブヨした皮,2,黒真珠,5
トヨタマ【具足】,0,2,3,0,3,99,0,13,44,-4,1,0,2,-3,聴覚保護,2,風圧,1,,,,,,,霞龍の皮,2,霞龍の翼膜,1,ブヨブヨした皮,2,黒真珠,5
カイザーグリーヴ,0,1,3,1,3,99,0,26,88,4,-4,1,-1,-3,毒,2,炎熱適応,2,,,,,,,炎王龍の甲殻,3,炎龍の翼膜,2,紅蓮石,2,古龍の血,1
カイザーレギンス,0,2,3,1,3,99,0,13,44,4,-3,1,-1,-3,毒,2,炎熱適応,2,,,,,,,炎王龍の甲殻,3,炎龍の翼膜,2,紅蓮石,2,古龍の血,1
骸装甲【大腿骨】,0,1,3,1,3,99,0,26,88,-1,-1,-1,-1,-2,逆境,2,逆上,2,,,,,,,骸椎骨,2,骸体殻,2,発光する粘液,1,カワズの油,2
屍装甲【大腿骨】,0,2,3,1,3,99,0,13,44,-1,-1,-1,-1,-1,逆境,2,逆上,2,,,,,,,骸椎骨,2,骸体殻,2,発光する粘液,1,カワズの油,2
ブラックフット,0,1,3,1,99,5,0,24,86,2,2,2,2,-5,溜め短縮,2,属性耐性,1,,,,,,,黒い塊,1,黒いかけら,2,いにしえの秘薬,1,黒真珠,1
ブラックレグス,0,2,3,1,99,5,0,12,43,2,2,2,2,-4,属性耐性,1,溜め短縮,1,,,,,,,黒い塊,1,黒いかけら,2,いにしえの秘薬,1,黒真珠,1
クロオビグリーヴ,0,1,3,0,3,5,0,22,84,1,1,1,1,1,胴系統倍加,1,,,,,,,,,クロオビチケット,1,ゲリョスコイン,2,上竜骨,1,,
クロオビレギンス,0,2,3,0,3,5,0,11,42,1,1,1,1,2,胴系統倍加,1,,,,,,,,,クロオビチケット,1,ゲリョスコイン,2,上竜骨,1,,
ギルドバードブーツ,1,1,3,1,3,5,0,20,82,0,0,0,0,0,号令,2,運気,2,気まぐれ,-2,,,,,龍歴院チケット,1,黒狼鳥の翼,3,ドラグライト鉱石,3,,
ギルドバードフット,1,2,3,1,3,5,0,10,41,0,0,0,0,0,号令,2,運気,1,気まぐれ,-2,,,,,龍歴院チケット,1,黒狼鳥の翼,3,ドラグライト鉱石,3,,
メイドソックス,2,1,3,1,99,3,0,20,82,0,0,0,0,0,采配,2,運気,2,気まぐれ,-2,,,,,ココットチケット,1,ゲネポスの大皮,5,カンタロスの甲殻,3,,
プライベートタイツ,2,2,3,1,99,3,0,10,41,0,0,0,0,0,采配,2,運気,1,気まぐれ,-2,,,,,ココットチケット,1,ゲネポスの大皮,5,カンタロスの甲殻,3,,
ヘルパーソックス,2,1,3,1,99,3,0,20,82,0,0,0,0,0,広域,3,回復量,1,回復速度,-1,,,,,ポッケチケット,1,ライトクリスタル,2,大猪の皮,5,,
ヒーラーソックス,2,2,3,1,99,3,0,10,41,0,0,0,0,0,回復量,2,広域,2,気配,-1,,,,,ポッケチケット,1,ライトクリスタル,2,大猪の皮,5,,
撫子【球袴】,2,1,3,1,99,2,0,20,82,0,0,0,0,0,千里眼,2,観察眼,2,,,,,,,ユクモチケット,1,ユクモの木,2,鮮やかな体液,4,,
桔梗【球袴】,2,2,3,1,99,2,0,10,41,0,0,0,0,0,千里眼,2,観察眼,2,,,,,,,ユクモチケット,1,ユクモの木,2,鮮やかな体液,4,,
ユアミサンダル,0,0,3,0,99,6,0,10,41,-2,-2,-2,-2,0,剥ぎ取り,3,,,,,,,,,足湯チケット,1,希望の証,1,白兎獣の毛,3,,
グルニャンブーツ,0,1,3,2,99,6,0,22,84,1,1,1,1,1,回復量,2,,,,,,,,,希望の証,1,ビストロチケット,1,足湯チケット,1,暖かい毛皮,3
グルニャンフット,0,2,3,2,99,6,0,11,42,1,1,1,1,1,回復量,2,,,,,,,,,希望の証,1,ビストロチケット,1,足湯チケット,1,暖かい毛皮,3
レザーＳグリーヴ,0,1,4,1,4,99,0,24,86,0,0,0,0,0,採取,3,気まぐれ,1,,,,,,,上質な毛皮,2,上竜骨,2,ファンゴの上毛皮,1,,
レザーＳレギンス,0,2,4,1,4,99,0,12,74,0,1,1,0,0,採取,2,気まぐれ,1,,,,,,,上質な毛皮,2,上竜骨,2,ファンゴの上毛皮,1,,
チェーンＳグリーヴ,0,1,4,0,4,99,0,24,86,0,0,1,0,0,体力,5,,,,,,,,,カブレライト鉱石,2,マカライト鉱石,2,鉄鉱石,5,,
チェーンＳレギンス,0,2,4,0,4,99,0,12,74,0,0,1,1,0,体力,5,,,,,,,,,カブレライト鉱石,2,マカライト鉱石,2,鉄鉱石,5,,
ベルダーＳグリーヴ,0,1,4,0,4,99,0,26,88,0,1,0,0,0,加護,3,広域,1,,,,,,,上質な毛皮,2,ベルナチケット,1,雲羊鹿の毛玉,5,,
ベルダーＳレギンス,0,2,4,0,4,99,0,13,44,0,2,0,0,0,加護,3,広域,1,,,,,,,上質な毛皮,2,ベルナチケット,1,雲羊鹿の毛玉,5,,
ハントＳグリーヴ,0,1,4,2,4,99,0,26,88,1,0,0,0,0,高速設置,3,爆弾強化,1,,,,,,,カブレライト鉱石,2,ココットチケット,1,ファンゴの上毛皮,4,モンスターの体液,5
ハントＳレギンス,0,2,4,2,4,99,0,13,44,2,0,0,0,0,高速設置,3,爆弾強化,1,,,,,,,カブレライト鉱石,2,ココットチケット,1,ファンゴの上毛皮,4,モンスターの体液,5
マフモフＳブーツ,0,1,4,0,4,99,0,26,88,-1,0,0,2,0,耐寒,4,溜め短縮,2,,,,,,,上質な毛皮,2,ポッケチケット,1,ファンゴの上毛皮,3,,
マフモフＳタイツ,0,2,4,0,4,99,0,13,44,-1,0,0,4,0,耐寒,4,溜め短縮,2,,,,,,,上質な毛皮,2,ポッケチケット,1,ファンゴの上毛皮,3,,
ユクモノハカマ・天,0,1,4,1,4,99,0,26,88,0,0,1,0,0,達人,3,回避性能,2,,,,,,,ユクモの堅木,3,ユクモチケット,1,王族カナブン,2,,
ユクモノハカマ・地,0,2,4,1,4,99,0,13,44,0,0,2,0,0,達人,2,回避性能,2,,,,,,,ユクモの堅木,3,ユクモチケット,1,王族カナブン,2,,
ロックラックＳブーツ,0,0,4,1,4,99,0,15,46,1,0,0,0,2,耐暑,4,運搬,4,,,,,,,上質な腹袋,3,モンスターの濃汁,2,モンスターの体液,4,,
ハンターＳグリーヴ,0,1,4,2,4,99,0,26,88,0,0,0,0,0,捕獲,2,狩人,1,,,,,,,ファンゴの上毛皮,2,ドラグライト鉱石,3,竜骨【大】,2,上質な鳥竜骨,4
ハンターＳレギンス,0,2,4,2,4,99,0,13,44,0,0,0,0,0,捕獲,2,狩人,1,,,,,,,ファンゴの上毛皮,2,ドラグライト鉱石,3,竜骨【大】,2,上質な鳥竜骨,4
ハンターＲグリーヴ,0,1,4,1,6,99,0,22,84,0,0,0,0,0,観察眼,3,闘魂,1,ガード性能,-1,,,,,獰猛化エキス,1,電竜の上鱗,5,ドラグライト鉱石,10,獰猛化素材(上位pts),5
ハンターＲレギンス,0,2,4,1,6,99,0,11,42,0,0,0,0,0,観察眼,2,闘魂,1,反動,-1,,,,,獰猛化エキス,1,電竜の上鱗,5,ドラグライト鉱石,10,獰猛化素材(上位pts),5
ボーンＳグリーヴ,0,1,4,0,4,99,0,30,92,0,0,0,-1,0,笛,6,鈍器,3,攻撃,-2,,,,,上質な鳥竜骨,2,竜骨【小】,3,上竜骨,2,,
ボーンＳレギンス,0,2,4,0,4,99,0,15,46,0,0,0,-1,0,笛,6,変則射撃,3,攻撃,-2,,,,,上質な鳥竜骨,2,竜骨【小】,3,上竜骨,2,,
シルバーメタルブーツ,0,1,4,1,4,99,0,32,94,0,2,-2,0,0,火属性攻撃,8,属性攻撃,-2,,,,,,,カブレライト鉱石,3,ドラグライト鉱石,8,ドスヘラクレス,2,,
シルバーメタルフット,0,2,4,1,4,99,0,16,47,0,3,-2,0,0,火属性攻撃,8,属性攻撃,-2,,,,,,,カブレライト鉱石,3,ドラグライト鉱石,8,ドスヘラクレス,2,,
メルホアＳライース,0,1,4,0,4,99,0,32,94,0,1,1,0,0,採取,4,野草知識,2,,,,,,,王族カナブン,4,ドスビスカス,2,げどく草,10,秘薬,2
メルホアＳヴルツェル,0,2,4,0,4,99,0,16,47,0,1,1,0,0,採取,4,野草知識,2,,,,,,,王族カナブン,4,ドスビスカス,2,げどく草,10,秘薬,2
メルホアＵライース,0,1,4,1,4,99,0,28,90,0,1,1,0,0,採取,4,耐寒,2,,,,,,,ノヴァクリスタル,1,ドスビスカス,2,げどく草,10,秘薬,2
メルホアＵヴルツェル,0,2,4,1,4,99,0,14,45,0,1,1,0,0,採取,3,耐寒,2,,,,,,,ノヴァクリスタル,1,ドスビスカス,2,げどく草,10,秘薬,2
マカルパＳパンツ,0,1,4,2,4,99,0,36,98,1,2,-2,0,0,調合数,3,調合成功率,1,,,,,,,砂竜の上鱗,8,春夜鯉,2,古代魚,1,調合書②初級編,1
マカルパＳパルミュ,0,2,4,2,4,99,0,18,49,1,3,-2,0,0,調合数,3,調合成功率,1,,,,,,,砂竜の上鱗,8,春夜鯉,2,古代魚,1,調合書②初級編,1
マカルパＵパンツ,0,1,4,2,5,99,0,32,94,1,2,-2,0,0,調合成功率,5,,,,,,,,,水竜の上鱗,8,春夜鯉,2,古代魚,1,調合書③中級編,1
マカルパＵパルミュ,0,2,4,2,5,99,0,16,47,1,3,-2,0,0,調合成功率,5,,,,,,,,,水竜の上鱗,8,春夜鯉,2,古代魚,1,調合書③中級編,1
マギュルＳライース,0,1,4,0,4,99,0,36,98,-3,1,0,2,0,溜め短縮,5,体術,-2,,,,,,,王族カナブン,4,ペピポパンプキン,2,上質な腹袋,3,交易チケット,1
マギュルＳヴルツェル,0,2,4,0,4,99,0,18,49,-3,2,0,3,0,溜め短縮,5,体術,-2,,,,,,,王族カナブン,4,ペピポパンプキン,2,上質な腹袋,3,交易チケット,1
エーデルＳライース,0,1,4,0,4,99,0,34,96,-1,3,-1,0,0,広域,4,野草知識,3,気配,-2,,,,,大水袋,2,星見の花,2,ベルナチケット,1,ユクモの堅木,2
エーデルＳヴルツェル,0,2,4,0,4,99,0,17,48,-1,4,-1,0,0,広域,3,野草知識,2,気配,-2,,,,,大水袋,2,星見の花,2,ベルナチケット,1,ユクモの堅木,2
ランポスーツＳフット,0,1,4,0,4,99,0,20,82,1,2,1,1,1,運気,2,腹減り,-2,,,,,,,ランポスの大上皮,2,ランポスの大尖爪,2,上質な鳥竜骨,6,ランポスの皮,10
ランポスーツＳタイツ,0,2,4,0,4,99,0,10,41,1,3,1,1,1,運気,2,腹減り,-2,,,,,,,ランポスの大上皮,2,ランポスの大尖爪,2,上質な鳥竜骨,6,ランポスの皮,10
ゲネポスーツＳフット,0,1,4,0,4,99,0,20,82,1,1,2,1,1,運気,2,腹減り,-2,,,,,,,ゲネポスの大上皮,2,ゲネポスの大尖牙,2,上質な鳥竜骨,6,ゲネポスの皮,10
ゲネポスーツＳタイツ,0,2,4,0,4,99,0,10,41,1,1,3,1,1,運気,2,腹減り,-2,,,,,,,ゲネポスの大上皮,2,ゲネポスの大尖牙,2,上質な鳥竜骨,6,ゲネポスの皮,10
イーオスーツＳフット,0,1,4,0,5,99,0,20,82,2,1,1,1,1,運気,2,腹減り,-2,,,,,,,イーオスの大上皮,2,イーオスの上紫鱗,2,翼蛇竜の上皮,3,イーオスの皮,10
イーオスーツＳタイツ,0,2,4,0,5,99,0,10,41,3,1,1,1,1,運気,2,腹減り,-2,,,,,,,イーオスの大上皮,2,イーオスの上紫鱗,2,翼蛇竜の上皮,3,イーオスの皮,10
ガブラスーツＳフット,0,1,4,0,5,99,0,20,82,1,1,1,1,2,運気,2,腹減り,-2,,,,,,,翼蛇竜の上皮,3,縞模様の皮,5,獄炎石,2,上質な鳥竜骨,4
ガブラスーツＳタイツ,0,2,4,0,5,99,0,10,41,1,1,1,1,3,運気,2,腹減り,-2,,,,,,,翼蛇竜の上皮,3,縞模様の皮,5,獄炎石,2,上質な鳥竜骨,4
狩人の革臑当Ｓ,0,1,4,0,4,99,0,22,84,0,1,0,0,0,野草知識,6,,,,,,,,,上質な毛皮,3,ガウシカの角,5,ドラグライト鉱石,5,モンスターの濃汁,2
狩人の革長靴Ｓ,0,2,4,0,4,99,0,11,42,0,1,0,0,0,野草知識,6,,,,,,,,,上質な毛皮,3,ガウシカの角,5,ドラグライト鉱石,5,モンスターの濃汁,2
跳狗竜の革臑当Ｓ,0,1,4,2,4,99,0,22,84,0,0,1,0,0,減気攻撃,4,,,,,,,,,マッカォの上鱗,4,マッカォの皮,10,跳狗竜の赤皮,5,上質な鳥竜骨,4
跳狗竜の革長靴Ｓ,0,2,4,2,4,99,0,11,42,0,0,1,0,0,減気攻撃,4,,,,,,,,,マッカォの上鱗,4,マッカォの皮,10,跳狗竜の赤皮,5,上質な鳥竜骨,4
狗竜の革臑当Ｓ,0,1,4,2,4,99,0,22,84,0,0,0,1,0,達人,4,,,,,,,,,ジャギィの上鱗,4,ジャギィの皮,10,イーオスの紫鱗,5,上質な鳥竜骨,4
狗竜の革長靴Ｓ,0,2,4,2,4,99,0,11,42,0,0,0,1,0,達人,4,,,,,,,,,ジャギィの上鱗,4,ジャギィの皮,10,イーオスの紫鱗,5,上質な鳥竜骨,4
モスＳフット,0,0,4,0,4,99,0,19,50,0,0,0,0,0,茸食,4,,,,,,,,,ファンゴの上毛皮,4,モスの苔皮,2,上質な毛皮,3,キラビートル,5
リノプロＳグリーヴ,0,1,4,0,4,99,0,32,94,2,0,0,-2,0,砲術,3,水属性攻撃,2,,,,,,,草食竜の堅殻,3,竜骨【小】,6,カブレライト鉱石,2,,
リノプロＳレギンス,0,2,4,0,4,99,0,16,47,3,0,0,-2,0,水属性攻撃,2,砲術,2,,,,,,,草食竜の堅殻,3,竜骨【小】,6,カブレライト鉱石,2,,
ジャギィＳグリーヴ,0,1,4,1,4,99,0,28,90,-2,0,0,0,0,火属性攻撃,3,,,,,,,,,ジャギィの上鱗,4,上質な鳥竜骨,4,イーオスの上鱗,2,ドラグライト鉱石,4
ジャギィＳレギンス,0,2,4,1,4,99,0,14,45,-2,0,0,0,0,火属性攻撃,3,,,,,,,,,ジャギィの上鱗,4,上質な鳥竜骨,4,イーオスの上鱗,2,ドラグライト鉱石,4
ドロスＳグリーヴ,0,1,4,1,4,99,0,28,90,-2,4,-1,0,0,節食,3,体術,2,,,,,,,水生獣の上皮,4,水生獣の皮,6,上質な毛皮,3,水獣の鱗,4
ドロスＳレギンス,0,2,4,1,4,99,0,14,45,-2,5,-1,0,0,節食,3,体術,2,,,,,,,水生獣の上皮,4,水生獣の皮,6,上質な毛皮,3,水獣の鱗,4
マッカォＳグリーヴ,0,1,4,1,4,99,0,30,92,-2,0,0,0,0,跳躍,3,KO,1,,,,,,,跳狗竜の上鱗,3,跳狗竜の上赤皮,3,首鳴竜の皮,8,カブレライト鉱石,3
マッカォＳレギンス,0,2,4,1,4,99,0,15,46,-2,1,1,1,1,跳躍,2,KO,1,,,,,,,跳狗竜の上鱗,3,跳狗竜の上赤皮,3,首鳴竜の皮,8,カブレライト鉱石,3
ランポスＳグリーヴ,0,1,4,2,4,99,0,30,92,0,0,0,-2,0,気絶,3,麻痺,-1,,,,,,,ランポスの上鱗,3,ランポスの上皮,3,上質な鳥竜骨,4,マカライト鉱石,4
ランポスＳレギンス,0,2,4,2,4,99,0,15,46,0,1,1,-2,0,気絶,2,麻痺,-1,,,,,,,ランポスの上鱗,3,ランポスの上皮,3,上質な鳥竜骨,4,マカライト鉱石,4
ギアノスＳグリーヴ,0,1,4,3,4,99,0,30,92,0,0,-1,2,0,,,,,,,,,,,ギアノスの上鱗,3,ギアノスの上皮,5,黒蝕竜の甲殻,1,王族カナブン,3
ギアノスＳレギンス,0,2,4,3,4,99,0,15,46,0,0,-1,3,0,,,,,,,,,,,ギアノスの上鱗,3,ギアノスの上皮,5,黒蝕竜の甲殻,1,王族カナブン,3
ゲネポスＳグリーヴ,0,1,4,0,4,99,0,32,94,0,0,1,-2,0,雷属性攻撃,5,,,,,,,,,ゲネポスの大上皮,2,ゲネポスの上鱗,4,ドラグライト鉱石,5,上質な鳥竜骨,4
ゲネポスＳレギンス,0,2,4,0,4,99,0,16,47,1,0,2,-2,0,雷属性攻撃,5,,,,,,,,,ゲネポスの大上皮,2,ゲネポスの上鱗,4,ドラグライト鉱石,5,上質な鳥竜骨,4
EXゲネポスグリーヴ,0,1,4,1,5,99,0,36,98,0,0,1,-2,0,攻撃,2,特殊攻撃,2,属性攻撃,-2,,,,,虹色鉱石,1,ゲネポスの大上皮,4,ゲネポスの上鱗,5,マレコガネ,3
EXゲネポスレギンス,0,2,4,1,5,99,0,18,49,1,0,2,-2,0,攻撃,2,特殊攻撃,2,属性攻撃,-2,,,,,虹色鉱石,1,ゲネポスの大上皮,4,ゲネポスの上鱗,5,マレコガネ,3
イーオスＳグリーヴ,0,1,4,0,4,99,0,34,96,2,-1,-1,0,0,毒,5,気絶,-4,,,,,,,イーオスの上皮,2,イーオスの上鱗,4,上質な鳥竜骨,4,上竜骨,3
イーオスＳレギンス,0,2,4,0,4,99,0,17,48,3,-1,-1,0,0,毒,5,気絶,-4,,,,,,,イーオスの上皮,2,イーオスの上鱗,4,上質な鳥竜骨,4,上竜骨,3
EXイーオスグリーヴ,0,1,4,1,5,99,0,38,100,2,-1,-1,0,0,火耐性,3,根性,2,調合成功率,-2,,,,,虹色鉱石,1,イーオスの大上皮,4,イーオスの上鱗,5,ゴム質の上皮,2
EXイーオスレギンス,0,2,4,1,5,99,0,19,50,3,-1,-1,0,0,火耐性,3,根性,2,調合成功率,-2,,,,,虹色鉱石,1,イーオスの大上皮,4,イーオスの上鱗,5,ゴム質の上皮,2
ランゴＳグリーヴ,0,1,4,2,4,99,0,32,94,-2,1,1,1,2,特殊攻撃,3,属性攻撃,-2,,,,,,,ランゴスタの堅殻,3,ランゴスタの薄羽,2,ランゴスタの羽,4,モンスターの体液,5
ランゴＳレギンス,0,2,4,2,4,99,0,16,47,-2,2,2,2,3,特殊攻撃,2,属性攻撃,-2,,,,,,,ランゴスタの堅殻,3,ランゴスタの薄羽,2,ランゴスタの羽,4,モンスターの体液,5
EXランゴグリーヴ,0,1,4,0,5,99,0,36,98,-2,1,1,1,2,剣術,2,回避距離,2,体力,-2,,,,,虹色鉱石,1,ランゴスタの薄羽,3,ランゴスタの堅殻,5,マレコガネ,4
EXランゴレギンス,0,2,4,0,5,99,0,18,49,-2,2,2,2,3,散弾強化,2,回避距離,2,体力,-2,,,,,虹色鉱石,1,ランゴスタの薄羽,3,ランゴスタの堅殻,5,マレコガネ,4
タロスＳグリーヴ,0,1,4,1,4,99,0,36,98,-1,-1,-1,-1,4,龍属性攻撃,4,龍耐性,3,,,,,,,カンタロスの薄羽,2,カンタロスの堅殻,3,カンタロスの羽,6,モンスターの体液,5
タロスＳレギンス,0,2,4,1,4,99,0,18,49,-1,-1,-1,-1,6,龍耐性,3,龍属性攻撃,3,,,,,,,カンタロスの薄羽,2,カンタロスの堅殻,3,カンタロスの羽,6,モンスターの体液,5
EXタロスグリーヴ,0,1,4,1,5,99,0,40,102,-1,-1,-1,-1,4,龍属性攻撃,2,ガード性能,2,体術,-2,,,,,虹色鉱石,1,カンタロスの薄羽,3,カンタロスの堅殻,5,マレコガネ,4
EXタロスレギンス,0,2,4,1,5,99,0,20,51,-1,-1,-1,-1,6,龍属性攻撃,2,精密射撃,2,体術,-2,,,,,虹色鉱石,1,カンタロスの薄羽,3,カンタロスの堅殻,5,マレコガネ,4
タロスＲグリーヴ,0,1,4,1,6,99,0,32,94,-1,-1,-1,-1,4,龍属性攻撃,6,龍耐性,1,,,,,,,獰猛な爪,1,カンタロスの堅殻,7,モンスターの濃汁,3,獰猛化素材(上位pts),8
タロスＲレギンス,0,2,4,1,6,99,0,16,47,-1,-1,-1,-1,6,龍属性攻撃,6,龍耐性,1,,,,,,,獰猛な爪,1,カンタロスの堅殻,7,モンスターの濃汁,3,獰猛化素材(上位pts),8
ブナハＳブーツ,0,1,4,0,4,99,0,32,94,-2,0,0,0,2,斬れ味,5,火耐性,-2,,,,,,,飛甲虫の堅殻,2,飛甲虫の羽,4,上質な腹袋,1,モンスターの体液,3
ブナハＳフット,0,2,4,0,4,99,0,16,47,-2,1,1,1,3,弾薬節約,5,火耐性,-2,,,,,,,飛甲虫の堅殻,2,飛甲虫の羽,4,上質な腹袋,1,モンスターの体液,3
ファンゴＳグリーヴ,0,1,4,1,4,99,0,36,98,0,2,-2,1,0,攻撃,4,,,,,,,,,大猪の硬い皮,4,大猪の大牙,3,獣骨,8,巨獣の毛,5
ファンゴＳレギンス,0,2,4,1,4,99,0,18,49,0,3,-2,1,0,攻撃,4,,,,,,,,,大猪の硬い皮,4,大猪の大牙,3,獣骨,8,巨獣の毛,5
アシラＳグリーヴ,0,1,4,0,4,99,0,38,100,-2,0,-2,0,0,防御,5,体術,2,攻撃,-5,,,,,青熊獣の堅腕甲,2,青熊獣の剛毛,4,飛甲虫の甲殻,3,王族カナブン,2
アシラＳレギンス,0,2,4,0,4,99,0,19,50,-2,0,-2,0,0,防御,5,体術,2,攻撃,-5,,,,,青熊獣の堅腕甲,2,青熊獣の剛毛,4,飛甲虫の甲殻,3,王族カナブン,2
ガレオスＳグリーヴ,0,1,4,2,4,99,0,42,104,2,0,0,-3,0,水属性攻撃,3,耐暑,1,火耐性,1,,,,,砂竜の上鱗,4,砂竜の上ヒレ,2,ノヴァクリスタル,2,硬化薬グレート,2
ガレオスＳレギンス,0,2,4,2,4,99,0,21,52,2,0,0,-3,0,水属性攻撃,2,耐暑,1,火耐性,1,,,,,砂竜の上鱗,4,砂竜の上ヒレ,2,ノヴァクリスタル,2,硬化薬グレート,2
EXガレオスグリーヴ,0,1,4,0,5,99,0,46,108,2,0,0,-3,0,水属性攻撃,3,睡眠,2,耐震,2,,,,,虹色鉱石,1,砂竜の上鱗,4,古代魚,1,鬼人薬グレート,2
EXガレオスレギンス,0,2,4,0,5,99,0,23,54,2,0,0,-3,0,水属性攻撃,3,耐震,2,睡眠,1,,,,,虹色鉱石,1,砂竜の上鱗,4,古代魚,1,鬼人薬グレート,2
クックＳグリーヴ,0,1,4,2,4,99,0,44,106,3,-1,0,-3,0,攻撃,2,防御,-2,,,,,,,怪鳥の地獄耳,1,怪鳥の堅殻,2,怪鳥の翼膜,2,マッカォの上鱗,4
クックＳレギンス,0,2,4,2,4,99,0,22,53,4,-1,0,-3,0,攻撃,2,防御,-2,,,,,,,怪鳥の地獄耳,1,怪鳥の堅殻,2,怪鳥の翼膜,2,マッカォの上鱗,4
ケチャグリーヴ,0,1,4,1,4,99,0,44,106,-2,2,-1,0,1,体術,4,スタミナ,-3,,,,,,,奇猿狐の堅長骨,2,奇猿狐の剛毛,2,奇猿狐の尻尾,1,ドスヘラクレス,3
ケチャレギンス,0,2,4,1,4,99,0,22,53,-2,3,-1,0,1,体術,4,スタミナ,-3,,,,,,,奇猿狐の堅長骨,2,奇猿狐の剛毛,2,奇猿狐の尻尾,1,ドスヘラクレス,3
ウルクＳグリーヴ,0,1,4,1,4,99,0,40,102,-3,1,0,3,0,回避性能,4,体力,-3,,,,,,,白兎獣の剛毛,3,白兎獣の堅腹甲,3,白兎獣の凍爪,1,上質な毛皮,4
ウルクＳレギンス,0,2,4,1,4,99,0,20,51,-3,1,0,4,0,回避性能,4,体力,-3,,,,,,,白兎獣の剛毛,3,白兎獣の堅腹甲,3,白兎獣の凍爪,1,上質な毛皮,4
ゲリョスＳグリーヴ,0,1,4,1,4,99,0,46,108,-3,1,4,-1,0,スタミナ,4,腹減り,-3,,,,,,,ゴム質の上皮,4,毒怪鳥の翼,2,モンスターの濃汁,3,ゲネポスの上皮,5
ゲリョスＳレギンス,0,2,4,1,4,99,0,23,54,-3,1,5,-1,0,スタミナ,4,腹減り,-3,,,,,,,ゴム質の上皮,4,毒怪鳥の翼,2,モンスターの濃汁,3,ゲネポスの上皮,5
ゲリョスＲグリーヴ,0,1,4,0,6,99,0,42,104,-3,1,4,-1,0,スタミナ,6,腹減り,-5,,,,,,,獰猛化毒怪鳥皮,1,ゴム質の上皮,5,獰猛な毒液,1,毒怪鳥素材(pts),8
ゲリョスＲレギンス,0,2,4,0,6,99,0,21,52,-3,1,5,-1,0,スタミナ,6,腹減り,-5,,,,,,,獰猛化毒怪鳥皮,1,ゴム質の上皮,5,獰猛な毒液,1,毒怪鳥素材(pts),8
カブラＳグリーヴ,0,1,4,1,4,99,0,46,108,2,-3,-1,0,1,耐震,4,抜刀減気,1,睡眠,-3,,,,,鬼蛙の尖爪,2,鬼蛙の堅殻,3,鬼蛙の上鱗,3,堅牢な骨,2
カブラＳレギンス,0,2,4,1,4,99,0,23,54,3,-3,-1,0,1,耐震,3,射法,1,睡眠,-3,,,,,鬼蛙の尖爪,2,鬼蛙の堅殻,3,鬼蛙の上鱗,3,堅牢な骨,2
ザザミＳグリーヴ,0,1,4,3,4,99,0,48,110,-1,3,-3,0,1,ガード性能,1,体術,-1,,,,,,,盾蟹の尖爪,2,盾蟹の堅殻,1,大猪の硬い皮,2,ドラグライト鉱石,4
ザザミＳレギンス,0,2,4,3,4,99,0,24,55,-1,4,-3,0,1,反動,1,装填速度,-1,,,,,,,盾蟹の尖爪,2,盾蟹の堅殻,1,大猪の硬い皮,2,ドラグライト鉱石,4
EXザザミグリーヴ,0,1,4,0,7,99,0,52,114,-1,3,-3,0,1,胴系統倍加,1,,,,,,,,,七色たんぽぽ,1,盾蟹の堅殻,4,大猪の硬い皮,2,ドスヘラクレス,2
EXザザミレギンス,0,2,4,0,7,99,0,26,57,-1,4,-3,0,1,胴系統倍加,1,,,,,,,,,七色たんぽぽ,1,盾蟹の堅殻,4,大猪の硬い皮,2,ドスヘラクレス,2
ザザミＲグリーヴ,0,1,4,0,8,6,1,44,106,-1,3,-3,0,1,ガード性能,6,体術,-5,,,,,,,獰猛化盾蟹殻,1,盾蟹の尖爪,4,獰猛な竜骨,1,盾蟹素材(pts),8
ザザミＲレギンス,0,2,4,0,8,6,1,22,53,-1,4,-3,0,1,反動,6,装填速度,-5,,,,,,,獰猛化盾蟹殻,1,盾蟹の尖爪,4,獰猛な竜骨,1,盾蟹素材(pts),8
ラングロＳグリーヴ,0,1,4,1,5,99,0,46,108,2,-3,0,-1,1,溜め短縮,3,気力回復,-2,,,,,,,赤甲獣の尖爪,3,赤甲獣の堅殻,3,赤甲獣の蛇腹甲,1,ユニオン鉱石,2
ラングロＳレギンス,0,2,4,1,5,99,0,23,54,3,-3,0,-1,1,溜め短縮,3,気力回復,-2,,,,,,,赤甲獣の尖爪,3,赤甲獣の堅殻,3,赤甲獣の蛇腹甲,1,ユニオン鉱石,2
ルドロスＳグリーヴ,0,1,4,0,4,99,0,46,108,-3,4,-1,0,0,スタミナ,3,気力回復,1,回避性能,-1,,,,,水獣の鋭爪,2,水獣の上鱗,3,海綿質の上皮,3,キラビートル,5
ルドロスＳレギンス,0,2,4,0,4,99,0,23,54,-3,5,-1,0,0,スタミナ,3,気力回復,1,回避性能,-1,,,,,水獣の鋭爪,2,水獣の上鱗,3,海綿質の上皮,3,キラビートル,5
ルドロスＲグリーヴ,0,1,4,0,6,99,0,42,104,-3,4,-1,0,0,スタミナ,5,腹減り,-5,,,,,,,獰猛化水獣鱗,1,海綿質の上皮,4,水生獣の上皮,8,水獣素材(pts),8
ルドロスＲレギンス,0,2,4,0,6,99,0,21,52,-3,5,-1,0,0,スタミナ,5,腹減り,-5,,,,,,,獰猛化水獣鱗,1,海綿質の上皮,4,水生獣の上皮,8,水獣素材(pts),8
エコールブーツ,2,1,4,1,4,99,0,44,106,0,0,0,0,0,千里眼,4,食事,-2,,,,,,,ベルナチケット,1,上質な毛皮,2,絞蛇竜の皮,4,奇猿狐の剛毛,3
エコールフット,2,2,4,1,4,99,0,22,53,0,0,0,0,0,千里眼,4,食事,-2,,,,,,,ベルナチケット,1,上質な毛皮,2,絞蛇竜の皮,4,奇猿狐の剛毛,3
アロイＳグリーヴ,0,1,5,2,5,99,0,40,102,-1,0,-1,-1,0,研ぎ師,1,達人,1,,,,,,,ユニオン鉱石,2,カブレライト鉱石,3,紅蓮石,3,ベアライト石,5
アロイＳレギンス,0,2,5,2,5,99,0,20,51,-1,0,-1,-1,0,装填速度,1,達人,1,,,,,,,ユニオン鉱石,2,カブレライト鉱石,3,紅蓮石,3,ベアライト石,5
アロイＲグリーヴ,0,1,5,0,6,99,0,36,98,-1,0,-1,-1,0,研ぎ師,6,匠,-3,,,,,,,獰猛化狩猟の証Ⅰ,1,ユニオン鉱石,5,鎌蟹の堅脚,5,獰猛化素材(上位pts),5
アロイＲレギンス,0,2,5,0,6,99,0,18,49,-1,0,-1,-1,0,装填速度,6,反動,-3,,,,,,,獰猛化狩猟の証Ⅰ,1,ユニオン鉱石,5,鎌蟹の堅脚,5,獰猛化素材(上位pts),5
バトルＳグリーヴ,0,1,5,1,5,99,0,44,106,1,-1,-1,0,0,ガード性能,3,盗み無効,1,,,,,,,マレコガネ,3,翼蛇竜の上皮,3,ゲネポスの上鱗,5,ドラグライト鉱石,3
バトルＳレギンス,0,2,5,1,5,99,0,22,53,2,-1,-1,0,0,反動,3,盗み無効,1,,,,,,,マレコガネ,3,翼蛇竜の上皮,3,ゲネポスの上鱗,5,ドラグライト鉱石,3
インゴットＳグリーヴ,0,1,5,0,5,99,0,48,110,-1,-1,1,0,0,風圧,7,運気,-3,,,,,,,獄炎石,2,ユニオン鉱石,2,ドラグライト鉱石,3,鉄鉱石,30
インゴットＳレギンス,0,2,5,0,5,99,0,24,55,-1,-1,2,0,0,風圧,7,運気,-3,,,,,,,獄炎石,2,ユニオン鉱石,2,ドラグライト鉱石,3,鉄鉱石,30
インゴットＲグリーヴ,0,1,5,0,6,99,0,44,106,-1,-1,1,0,0,氷属性攻撃,7,,,,,,,,,獰猛な炎鱗,1,獄炎石,4,絞蛇竜の堅殻,5,獰猛化素材(上位pts),5
インゴットＲレギンス,0,2,5,0,6,99,0,22,53,-1,-1,2,0,0,氷属性攻撃,7,,,,,,,,,獰猛な炎鱗,1,獄炎石,4,絞蛇竜の堅殻,5,獰猛化素材(上位pts),5
ハイメタＳグリーヴ,0,1,5,1,5,99,0,46,108,0,-1,2,-1,0,雷耐性,5,聴覚保護,1,,,,,,,ユニオン鉱石,5,ライトクリスタル,1,ドラグライト鉱石,10,ランポスの上皮,4
ハイメタＳレギンス,0,2,5,1,5,99,0,23,54,0,-1,3,-1,0,雷耐性,5,聴覚保護,1,,,,,,,ユニオン鉱石,5,ライトクリスタル,1,ドラグライト鉱石,10,ランポスの上皮,4
ハイメタＵグリーヴ,0,1,5,0,5,99,0,42,104,0,-1,2,-1,0,聴覚保護,4,加護,-2,,,,,,,爆鎚竜の上鱗,3,カブレライト鉱石,2,ドラグライト鉱石,5,イーオスの大上皮,6
ハイメタＵレギンス,0,2,5,0,5,99,0,21,52,0,-1,3,-1,0,聴覚保護,3,加護,-2,,,,,,,爆鎚竜の上鱗,3,カブレライト鉱石,2,ドラグライト鉱石,5,イーオスの大上皮,6
ピンクメタルブーツ,2,1,5,1,5,99,0,48,110,5,-1,-1,-1,0,龍属性攻撃,7,,,,,,,,,ユニオン鉱石,3,カブレライト鉱石,8,王族カナブン,2,,
ピンクメタルフット,2,2,5,1,5,99,0,24,55,6,-1,-1,-1,0,龍属性攻撃,7,,,,,,,,,ユニオン鉱石,3,カブレライト鉱石,8,王族カナブン,2,,
Ｋ・ロブスタグリーヴ,0,1,5,1,5,99,0,48,110,-1,4,-1,-1,-1,泡沫,2,節食,2,雷耐性,-3,,,,,エビの大殻,1,エビの小殻,3,砂竜の上ヒレ,2,溶岩竜の堅殻,4
Ｋ・ロブスタレギンス,0,2,5,1,5,99,0,24,55,-1,5,-1,-1,-1,泡沫,2,節食,2,雷耐性,-3,,,,,エビの大殻,1,エビの小殻,3,砂竜の上ヒレ,2,溶岩竜の堅殻,4
オウビートＳガンバ,1,1,5,0,5,99,0,50,112,2,-2,2,-2,3,体術,4,攻撃,3,スタミナ,-2,,,,,マレコガネ,3,オオツノアゲハ,2,モンスターの濃汁,4,大水袋,3
オウビートＳフェムル,1,2,5,0,5,99,0,25,56,3,-2,2,-2,4,攻撃,3,体術,3,スタミナ,-2,,,,,マレコガネ,3,オオツノアゲハ,2,モンスターの濃汁,4,大水袋,3
パピメルＳガンバ,2,1,5,0,5,99,0,50,112,2,-2,2,-2,3,体術,4,攻撃,3,スタミナ,-2,,,,,マレコガネ,3,オオツノアゲハ,2,モンスターの濃汁,4,大水袋,3
パピメルＳフェムル,2,2,5,0,5,99,0,25,56,3,-2,2,-2,4,攻撃,3,体術,3,スタミナ,-2,,,,,マレコガネ,3,オオツノアゲハ,2,モンスターの濃汁,4,大水袋,3
デスギアＳフェルゼ,0,1,5,0,5,99,0,48,110,2,1,1,-1,0,龍属性攻撃,5,,,,,,,,,禍々しい闇布,1,禍々しい布,2,迅竜の鋭牙,4,古龍骨,3
デスギアＳヴィレ,0,2,5,0,5,99,0,24,55,3,1,1,-1,0,龍属性攻撃,5,,,,,,,,,禍々しい闇布,1,禍々しい布,2,迅竜の鋭牙,4,古龍骨,3
デスギアＲフェルゼ,0,1,5,1,7,99,0,44,106,2,1,1,-1,0,狂撃耐性,5,回避性能,-3,,,,,,,獰猛な鋭牙,1,禍々しい闇布,1,海竜の鋭爪,4,獰猛化素材(上位pts),8
デスギアＲヴィレ,0,2,5,1,7,99,0,22,53,3,1,1,-1,0,狂撃耐性,4,回避性能,-3,,,,,,,獰猛な鋭牙,1,禍々しい闇布,1,海竜の鋭爪,4,獰猛化素材(上位pts),8
ヴァイクＳグリーヴ,0,1,5,1,5,99,0,46,108,0,3,-2,-1,0,水属性攻撃,5,,,,,,,,,ユニオン鉱石,2,ヨロイシダイ,2,化け鮫の上ヒレ,3,キレアジ,20
ヴァイクＳレギンス,0,2,5,1,5,99,0,23,54,0,4,-2,-1,0,水属性攻撃,5,,,,,,,,,ユニオン鉱石,2,ヨロイシダイ,2,化け鮫の上ヒレ,3,キレアジ,20
ロワーガＳガンバ,1,1,5,1,5,99,0,48,110,-2,0,3,-2,2,会心強化,3,達人,1,攻撃,-2,,,,,マレコガネ,3,オオクワアゲハ,2,カンタロスの堅殻,5,ツチハチノコ,10
ロワーガＳフェムル,1,2,5,1,5,99,0,24,55,-2,0,3,-2,3,会心強化,3,達人,1,攻撃,-2,,,,,マレコガネ,3,オオクワアゲハ,2,カンタロスの堅殻,5,ツチハチノコ,10
ファルメルＳガンバ,2,1,5,1,5,99,0,48,110,-2,0,3,-2,2,会心強化,3,達人,1,攻撃,-2,,,,,マレコガネ,3,オオクワアゲハ,2,カンタロスの堅殻,5,ツチハチノコ,10
ファルメルＳフェムル,2,2,5,1,5,99,0,24,55,-2,0,3,-2,3,会心強化,3,達人,1,攻撃,-2,,,,,マレコガネ,3,オオクワアゲハ,2,カンタロスの堅殻,5,ツチハチノコ,10
パティシエブーツ,0,1,5,0,5,99,0,44,106,2,0,0,2,-2,炎熱適応,2,効果持続,2,腹減り,-2,,,,,マレコガネ,2,ビストロチケット,2,雪獅子の剛毛,2,高級お食事券,1
パティシエフット,0,2,5,0,5,99,0,22,53,4,0,0,2,-2,炎熱適応,2,効果持続,2,腹減り,-2,,,,,マレコガネ,2,ビストロチケット,2,雪獅子の剛毛,2,高級お食事券,1
スカルダＳガンバ,1,1,5,2,5,99,0,48,110,3,-1,-1,-1,3,特殊会心,2,本気,1,攻撃,-1,,,,,オオ毒クモリ,1,毒クモリ,2,徹甲虫の薄羽,2,強力麻痺袋,4
スカルダＳフェムル,1,2,5,2,5,99,0,24,55,4,-1,-1,-1,3,特殊会心,2,本気,1,攻撃,-1,,,,,オオ毒クモリ,1,毒クモリ,2,徹甲虫の薄羽,2,強力麻痺袋,4
スパイオＳガンバ,2,1,5,2,5,99,0,48,110,3,-1,-1,-1,3,特殊会心,2,本気,1,攻撃,-1,,,,,オオ毒クモリ,1,毒クモリ,2,徹甲虫の薄羽,2,強力麻痺袋,4
スパイオＳフェムル,2,2,5,2,5,99,0,24,55,4,-1,-1,-1,3,特殊会心,2,本気,1,攻撃,-1,,,,,オオ毒クモリ,1,毒クモリ,2,徹甲虫の薄羽,2,強力麻痺袋,4
ホロロＳグリーヴ,0,1,5,2,5,99,0,44,106,-2,-2,1,1,0,痛撃,2,観察眼,2,,,,,,,夜鳥の上羽鱗,2,夜鳥の鋭翼爪,2,カブレライト鉱石,2,垂皮竜の上皮,3
ホロロＳレギンス,0,2,5,2,5,99,0,22,53,-1,-2,1,1,0,観察眼,2,痛撃,1,,,,,,,夜鳥の上羽鱗,2,夜鳥の鋭翼爪,2,カブレライト鉱石,2,垂皮竜の上皮,3
ザボアグリーヴ,0,1,5,1,5,99,0,46,108,-2,3,-4,4,0,寒冷適応,2,ガード性能,1,火耐性,-2,,,,,化け鮫の上鱗,2,化け鮫の上皮,4,化け鮫の上ヒレ,2,凍結袋,3
ザボアレギンス,0,2,5,1,5,99,0,23,54,-2,3,-4,5,0,寒冷適応,2,反動,1,火耐性,-2,,,,,化け鮫の上鱗,2,化け鮫の上皮,4,化け鮫の上ヒレ,2,凍結袋,3
フルフルＳグリーヴ,0,1,5,1,5,99,0,50,112,-4,1,4,2,1,回復速度,4,回復量,2,,,,,,,真珠色の柔皮,3,カブレライト鉱石,3,王族カナブン,4,生命の粉塵,3
フルフルＳレギンス,0,2,5,1,5,99,0,25,56,-4,1,5,2,1,回復速度,4,回復量,2,,,,,,,真珠色の柔皮,3,カブレライト鉱石,3,王族カナブン,4,生命の粉塵,3
フルフルＲグリーヴ,0,1,5,1,6,99,0,46,108,-4,1,4,2,1,回復速度,5,調合成功率,-2,,,,,,,獰猛化白柔皮,1,真珠色の柔皮,5,電撃袋,5,フルフル素材(pts),8
フルフルＲレギンス,0,2,5,1,6,99,0,23,54,-4,1,5,2,1,回復速度,5,調合成功率,-2,,,,,,,獰猛化白柔皮,1,真珠色の柔皮,5,電撃袋,5,フルフル素材(pts),8
レイアＳグリーヴ,0,1,5,1,5,99,0,50,112,3,0,-2,0,-3,回復量,3,体力,2,回復速度,-2,,,,,雌火竜の堅殻,4,雌火竜の上鱗,4,尖竜骨,3,ユニオン鉱石,4
レイアＳレギンス,0,2,5,1,5,99,0,25,56,4,0,-2,0,-3,回復量,3,体力,2,回復速度,-2,,,,,雌火竜の堅殻,4,雌火竜の上鱗,4,尖竜骨,3,ユニオン鉱石,4
EXレイアグリーヴ,0,1,5,2,8,6,1,54,116,3,0,-2,0,-3,回復量,3,気配,-2,,,,,,,EX火竜チケット,1,雌火竜の堅殻,5,雌火竜の翼膜,4,爆炎袋,2
EXレイアレギンス,0,2,5,2,8,6,1,27,58,4,0,-2,0,-3,回復量,3,気配,-2,,,,,,,EX火竜チケット,1,雌火竜の堅殻,5,雌火竜の翼膜,4,爆炎袋,2
レイアＲグリーヴ,0,1,5,1,6,99,0,46,108,3,0,-2,0,-3,回復量,4,,,,,,,,,獰猛化雌火竜鱗,1,雌火竜の堅殻,5,爆炎袋,5,雌火竜素材(pts),8
レイアＲレギンス,0,2,5,1,6,99,0,23,54,4,0,-2,0,-3,回復量,4,,,,,,,,,獰猛化雌火竜鱗,1,雌火竜の堅殻,5,爆炎袋,5,雌火竜素材(pts),8
ハプルＳグリーヴ,0,1,5,2,5,99,0,50,112,2,0,-1,-3,1,食事,2,抜刀減気,1,,,,,,,潜口竜の堅殻,4,潜口竜の尖爪,2,尖竜骨,3,イーオスの大上皮,4
ハプルＳレギンス,0,2,5,1,5,99,0,25,56,3,0,-1,-3,1,食事,2,装填速度,1,,,,,,,潜口竜の堅殻,4,潜口竜の尖爪,2,尖竜骨,3,イーオスの大上皮,4
ガノスグリーヴ,0,1,5,0,5,99,0,52,114,-2,4,-4,2,1,跳躍,4,乗り,2,捕獲,2,,,,,水竜の上ヒレ,2,水竜の上鱗,3,砂竜の上鱗,3,ドラグライト鉱石,5
ガノスレギンス,0,2,5,0,5,99,0,26,57,-2,5,-4,2,1,跳躍,4,乗り,2,捕獲,2,,,,,水竜の上ヒレ,2,水竜の上鱗,3,砂竜の上鱗,3,ドラグライト鉱石,5
ブランゴＳグリーヴ,0,1,5,1,5,99,0,50,112,-4,1,0,4,0,氷属性攻撃,6,納刀,2,,,,,,,雪獅子の剛毛,3,ブランゴの剛毛,5,尖竜骨,2,上質な毛皮,2
ブランゴＳレギンス,0,2,5,1,5,99,0,25,56,-4,1,0,5,0,氷属性攻撃,6,納刀,2,,,,,,,雪獅子の剛毛,3,ブランゴの剛毛,5,尖竜骨,2,上質な毛皮,2
EXブランゴグリーヴ,0,1,5,1,7,99,0,54,116,-4,1,0,4,0,溜め短縮,4,,,,,,,,,七色たんぽぽ,1,雪獅子の剛毛,3,ブランゴの剛毛,5,ゲネポスの大上皮,3
EXブランゴレギンス,0,2,5,1,7,99,0,27,58,-4,1,0,5,0,溜め短縮,4,,,,,,,,,七色たんぽぽ,1,雪獅子の剛毛,3,ブランゴの剛毛,5,ゲネポスの大上皮,3
ラヴァグリーヴ,0,1,5,2,5,99,0,56,118,4,-4,0,0,1,根性,2,,,,,,,,,溶岩竜の堅殻,3,溶岩竜の上ヒレ,1,溶岩竜の上鱗,4,イーオスの大皮,4
ラヴァレギンス,0,2,5,2,5,99,0,28,59,5,-4,0,0,1,根性,2,,,,,,,,,溶岩竜の堅殻,3,溶岩竜の上ヒレ,1,溶岩竜の上鱗,4,イーオスの大皮,4
EXラヴァグリーヴ,0,1,5,2,8,99,0,60,122,4,-4,0,0,1,逆境,2,,,,,,,,,EX溶岩竜チケット,1,溶岩竜の上鱗,5,溶岩竜の堅殻,6,マカライト鉱石,10
EXラヴァレギンス,0,2,5,2,8,99,0,30,61,5,-4,0,0,1,逆境,2,,,,,,,,,EX溶岩竜チケット,1,溶岩竜の上鱗,5,溶岩竜の堅殻,6,マカライト鉱石,10
ギザミＳグリーヴ,0,1,5,1,5,99,0,48,110,1,2,-1,-1,0,達人,4,斬れ味,1,,,,,,,鎌蟹の堅脚,2,鎌蟹の堅殻,3,獄炎石,1,マレコガネ,2
ギザミＳレギンス,0,2,5,1,5,99,0,24,55,2,2,-1,-1,0,達人,4,弾薬節約,1,,,,,,,鎌蟹の堅脚,2,鎌蟹の堅殻,3,獄炎石,1,マレコガネ,2
EXギザミグリーヴ,0,1,5,1,7,99,0,52,114,1,2,-1,-1,0,達人,3,匠,2,雷耐性,-2,,,,,七色たんぽぽ,1,鎌蟹の堅殻,4,鎌蟹の堅脚,3,鎌蟹の脚,5
EXギザミレギンス,0,2,5,1,7,99,0,26,57,2,2,-1,-1,0,達人,3,通常弾強化,2,雷耐性,-2,,,,,七色たんぽぽ,1,鎌蟹の堅殻,4,鎌蟹の堅脚,3,鎌蟹の脚,5
ギザミＲグリーヴ,0,1,5,0,6,99,0,44,106,1,2,-1,-1,0,匠,3,達人,2,,,,,,,獰猛化鎌蟹殻,1,鎌蟹の堅脚,4,鎌蟹の小殻,15,鎌蟹素材(pts),8
ギザミＲレギンス,0,2,5,0,6,99,0,22,53,2,2,-1,-1,0,通常弾強化,3,達人,2,,,,,,,獰猛化鎌蟹殻,1,鎌蟹の堅脚,4,鎌蟹の小殻,15,鎌蟹素材(pts),8
ガララＳグリーヴ,0,1,5,1,5,99,0,56,118,1,-1,0,-3,1,麻痺,3,捕獲,3,,,,,,,絞蛇竜の上皮,3,絞蛇竜の堅殻,3,尖竜骨,3,垂皮竜の上皮,3
ガララＳレギンス,0,2,5,1,5,99,0,28,59,1,-1,1,-3,1,麻痺,3,捕獲,3,,,,,,,絞蛇竜の上皮,3,絞蛇竜の堅殻,3,尖竜骨,3,垂皮竜の上皮,3
ナルガＳグリーヴ,0,1,5,1,5,99,0,40,102,-2,1,-3,1,1,回避距離,4,回避性能,1,,,,,,,迅竜の鋭牙,5,迅竜の上鱗,5,尖竜骨,2,マレコガネ,3
ナルガＳレギンス,0,2,5,1,5,99,0,20,51,-2,1,-2,1,1,回避距離,4,回避性能,1,,,,,,,迅竜の鋭牙,5,迅竜の上鱗,5,尖竜骨,2,マレコガネ,3
ガルルガＳグリーヴ,0,1,5,1,5,99,0,56,118,2,-1,2,0,0,聴覚保護,3,採取,-3,,,,,,,黒狼鳥の上鱗,5,黒狼鳥の堅殻,3,黒狼鳥の翼,2,王族カナブン,2
ガルルガＳレギンス,0,2,5,1,5,99,0,28,59,3,-1,2,0,0,聴覚保護,3,採取,-3,,,,,,,黒狼鳥の上鱗,5,黒狼鳥の堅殻,3,黒狼鳥の翼,2,王族カナブン,2
ガンキンＳグリーヴ,0,1,5,1,5,99,0,64,126,3,-4,0,-1,-2,防御,3,抜刀減気,3,,,,,,,爆鎚竜の堅殻,5,爆鎚竜の上鱗,6,溶岩塊,6,赤甲獣の蛇腹甲,2
ガンキンＳレギンス,0,2,5,1,5,99,0,32,63,4,-4,0,-1,-2,防御,3,散弾強化,3,,,,,,,爆鎚竜の堅殻,5,爆鎚竜の上鱗,6,溶岩塊,6,赤甲獣の蛇腹甲,2
クロオビＳグリーヴ,0,1,5,0,5,99,0,50,112,3,3,3,3,3,胴系統倍加,1,,,,,,,,,タツジンチケット,1,ガノスコイン,2,マレコガネ,1,,
クロオビＳレギンス,0,2,5,0,5,99,0,25,56,3,3,3,3,4,胴系統倍加,1,,,,,,,,,タツジンチケット,1,ガノスコイン,2,マレコガネ,1,,
ガーディアンブーツ,1,1,5,1,5,6,1,50,112,0,0,0,0,0,ガード性能,3,気配,-2,,,,,,,ココットチケット,1,ノヴァクリスタル,2,海竜の鱗,3,雌火竜の堅殻,4
ガーディアンフット,1,2,5,1,5,6,1,25,56,0,0,0,0,0,ガード性能,3,気配,-2,,,,,,,ココットチケット,1,ノヴァクリスタル,2,海竜の鱗,3,雌火竜の堅殻,4
ガーディアンＵブーツ,1,1,5,1,5,6,1,54,116,0,0,0,0,0,砲術,2,ガード性能,1,気配,-2,,,,,ココットチケット,1,ノヴァクリスタル,2,火竜の鱗,3,雌火竜の堅殻,4
ガーディアンＵフット,1,2,5,1,5,6,1,27,58,0,0,0,0,0,ガード性能,3,反動,2,気配,-2,,,,,ココットチケット,1,ノヴァクリスタル,2,火竜の鱗,3,雌火竜の堅殻,4
スカラーソックス,2,1,5,1,5,99,0,48,110,0,0,0,0,0,回避性能,3,気配,-2,,,,,,,ユクモチケット,1,龍歴院チケット,1,爆鎚竜の上鱗,4,カブレライト鉱石,5
スカラーサンダル,2,2,5,1,5,99,0,24,55,0,0,0,0,0,回避性能,3,気配,-2,,,,,,,ユクモチケット,1,龍歴院チケット,1,爆鎚竜の上鱗,4,カブレライト鉱石,5
セイラーソックス,2,1,5,1,5,99,0,48,110,0,0,0,0,0,回避性能,3,気配,-2,,,,,,,ユクモチケット,1,龍歴院チケット,1,水竜の上鱗,4,砕竜の黒曜甲,5
セイラーサンダル,2,2,5,1,5,99,0,24,55,0,0,0,0,0,回避性能,3,気配,-2,,,,,,,ユクモチケット,1,龍歴院チケット,1,水竜の上鱗,4,砕竜の黒曜甲,5
高級ユアミサンダル,0,0,5,1,5,99,0,15,46,-2,-2,-2,-2,0,剥ぎ取り,3,泡沫,2,,,,,,,雪獅子の剛毛,2,足湯チケット,1,ブランゴの剛毛,2,希望の証,2
ホクシン【袴】,0,1,5,1,5,99,0,52,114,-2,4,-2,3,2,北辰納豆流,3,攻撃,-3,,,,,,,ココットチケット,1,交易チケット,1,海綿質の上皮,4,迅竜の黒毛,4
カイエン【袴】,0,2,5,1,5,99,0,26,57,-2,5,-2,3,2,北辰納豆流,3,攻撃,-3,,,,,,,ココットチケット,1,交易チケット,1,海綿質の上皮,4,迅竜の黒毛,4
ブレイブＳグリーヴ,0,1,6,0,7,6,1,48,110,0,0,0,0,0,火属性攻撃,4,闘魂,3,,,,,,,ベルナチケット,1,勇気の証Ｇ,1,上質な毛皮,2,上質な鳥竜骨,10
ブレイブＳレギンス,0,2,6,0,7,6,1,24,55,1,1,1,1,1,火属性攻撃,4,闘魂,2,,,,,,,ベルナチケット,1,勇気の証Ｇ,1,上質な毛皮,2,上質な鳥竜骨,10
ドーベルグリーヴ,0,1,6,1,6,99,0,54,116,-2,0,0,0,4,龍属性攻撃,4,属性耐性,3,,,,,,,堅竜骨,2,いにしえの龍骨,2,炎戈竜の鋭爪,3,大きな骨,8
ドーベルレギンス,0,2,6,1,6,99,0,27,58,-2,0,0,0,5,属性耐性,3,龍属性攻撃,3,,,,,,,堅竜骨,2,いにしえの龍骨,2,炎戈竜の鋭爪,3,大きな骨,8
ダマスクグリーヴ,0,1,6,2,8,99,0,60,122,-1,2,-3,1,-1,だるま,3,抜刀会心,1,無心,1,,,,,骸龍の喰砕牙,2,金火竜の堅殻,6,銀火竜の尻尾,1,骸椎骨,2
ダマスクレギンス,0,2,6,2,8,99,0,30,61,-1,2,-3,1,-1,だるま,3,貫通弾強化,1,無心,1,,,,,骸龍の喰砕牙,2,金火竜の堅殻,6,銀火竜の尻尾,1,骸椎骨,2
ダマスクＲグリーヴ,0,1,6,1,8,99,0,56,118,-1,2,-3,1,-1,無心,3,,,,,,,,,獰猛化狩猟の証Ⅲ,1,獰猛化砕竜殻,2,堅骸体殻,5,獰猛化素材(上位pts),8
ダマスクＲレギンス,0,2,6,1,8,99,0,28,59,-1,2,-3,1,-1,無心,3,,,,,,,,,獰猛化狩猟の証Ⅲ,1,獰猛化砕竜殻,2,堅骸体殻,5,獰猛化素材(上位pts),8
ダークメタルブーツ,0,1,6,0,6,99,0,56,118,0,-1,0,-1,5,特殊攻撃,5,,,,,,,,,電竜の上鱗,3,ユニオン鉱石,8,マレコガネ,2,,
ダークメタルフット,0,2,6,0,6,99,0,28,59,0,-1,0,-1,6,特殊攻撃,5,,,,,,,,,電竜の上鱗,3,ユニオン鉱石,8,マレコガネ,2,,
クロムメタルブーツ,0,1,6,0,7,99,0,56,118,-2,-2,-2,-2,4,属性攻撃,5,,,,,,,,,勇気の証Ｇ,1,堅竜骨,6,ノヴァクリスタル,1,,
クロムメタルフット,0,2,6,0,7,99,0,28,59,-2,-2,-2,-2,5,属性攻撃,5,,,,,,,,,勇気の証Ｇ,1,堅竜骨,6,ノヴァクリスタル,1,,
アーティアＳグリーヴ,0,1,6,0,6,99,0,60,122,1,-2,-2,2,3,雷属性攻撃,6,高速設置,2,,,,,,,太古の破片,1,さびた破片,2,カブレライト鉱石,6,ドラグライト鉱石,9
アーティアＳレギンス,0,2,6,0,6,99,0,30,61,3,-2,-2,2,3,雷属性攻撃,6,高速設置,2,,,,,,,太古の破片,1,さびた破片,2,カブレライト鉱石,6,ドラグライト鉱石,9
アーティアＲグリーヴ,0,1,6,0,7,99,0,56,118,1,-2,-2,2,3,雷属性攻撃,7,,,,,,,,,獰猛化狩猟の証Ⅱ,1,太古の破片,1,カブレライト鉱石,12,獰猛化素材(上位pts),8
アーティアＲレギンス,0,2,6,0,7,99,0,28,59,3,-2,-2,2,3,雷属性攻撃,7,,,,,,,,,獰猛化狩猟の証Ⅱ,1,太古の破片,1,カブレライト鉱石,12,獰猛化素材(上位pts),8
セルタスグリーヴ,0,1,6,0,6,99,0,60,122,-3,4,-2,-2,5,英雄の盾,3,砲術,2,,,,,,,重甲虫の鋭爪,2,重甲虫の堅胸殻,4,重甲虫の大顎,2,ドスヘラクレス,3
セルタスレギンス,0,2,6,0,6,99,0,30,61,-3,4,-2,-2,6,英雄の盾,3,砲術,2,,,,,,,重甲虫の鋭爪,2,重甲虫の堅胸殻,4,重甲虫の大顎,2,ドスヘラクレス,3
レウスＳグリーヴ,0,1,6,1,6,99,0,58,120,4,0,-2,0,-4,攻撃,4,,,,,,,,,火竜の堅殻,5,火竜の鱗,6,爆炎袋,3,紅蓮石,4
レウスＳレギンス,0,2,6,1,6,99,0,29,60,5,0,-2,0,-4,攻撃,4,,,,,,,,,火竜の堅殻,5,火竜の鱗,6,爆炎袋,3,紅蓮石,4
EXレウスグリーヴ,0,1,6,0,8,6,1,62,124,4,0,-2,0,-4,底力,4,加護,-3,,,,,,,EX火竜チケット,1,火竜の堅殻,5,火竜の翼膜,4,爆炎袋,2
EXレウスレギンス,0,2,6,0,8,6,1,31,62,5,0,-2,0,-4,底力,4,加護,-3,,,,,,,EX火竜チケット,1,火竜の堅殻,5,火竜の翼膜,4,爆炎袋,2
レウスＲグリーヴ,0,1,6,1,7,99,0,54,116,4,0,-2,0,-4,痛撃,3,攻撃,1,,,,,,,獰猛化火竜鱗,1,火竜の上鱗,5,獰猛な毒液,1,雄火竜素材(pts),8
レウスＲレギンス,0,2,6,1,7,99,0,27,58,5,0,-2,0,-4,痛撃,2,攻撃,1,,,,,,,獰猛化火竜鱗,1,火竜の上鱗,5,獰猛な毒液,1,雄火竜素材(pts),8
ラギアＳグリーヴ,0,1,6,0,6,99,0,58,120,-3,2,4,-1,-2,ガード性能,3,属性攻撃,2,気力回復,2,,,,,海竜の上鱗,5,海竜の上皮,4,海竜の鋭爪,3,王族カナブン,3
ラギアＳレギンス,0,2,6,0,6,99,0,29,60,-3,2,5,-1,-2,貫通弾強化,3,属性攻撃,2,気力回復,2,,,,,海竜の上鱗,5,海竜の上皮,4,海竜の鋭爪,3,王族カナブン,3
ラギアＲグリーヴ,0,1,6,0,7,99,0,54,116,-3,2,4,-1,-2,気力回復,5,ガード性能,2,,,,,,,獰猛化海竜皮,1,海竜の上鱗,5,海竜の高電殻,5,海竜素材(pts),8
ラギアＲレギンス,0,2,6,0,7,99,0,27,58,-3,2,5,-1,-2,気力回復,5,貫通弾強化,2,,,,,,,獰猛化海竜皮,1,海竜の上鱗,5,海竜の高電殻,5,海竜素材(pts),8
ジンオウＳグリーヴ,0,1,6,1,6,99,0,58,120,0,-1,4,-4,1,本気,5,属性会心,2,,,,,,,雷狼竜の堅殻,5,雷狼竜の尖爪,4,雷狼竜の高電殻,3,超電雷光虫,10
ジンオウＳレギンス,0,2,6,1,6,99,0,29,60,0,-1,5,-4,1,本気,5,,,,,,,,,雷狼竜の堅殻,5,雷狼竜の尖爪,4,雷狼竜の高電殻,3,超電雷光虫,10
EXジンオウグリーヴ,0,1,6,1,8,99,0,62,124,0,-1,4,-4,1,本気,3,連撃,2,気配,-1,,,,,EX雷狼竜チケット,1,雷狼竜の堅殻,5,雷狼竜の尻尾,2,キリンの雷尾,4
EXジンオウレギンス,0,2,6,1,8,99,0,31,62,0,-1,5,-4,1,連撃,2,本気,2,気配,-1,,,,,EX雷狼竜チケット,1,雷狼竜の堅殻,5,雷狼竜の尻尾,2,キリンの雷尾,4
ミツネＳグリーヴ,0,1,6,1,6,99,0,50,112,0,2,-3,1,-1,腹減り,3,泡沫,2,窮地,1,,,,,泡狐竜の上鱗,4,泡狐竜の紫上毛,3,泡立つ上滑液,3,ドラグライト鉱石,6
ミツネＳレギンス,0,2,6,1,6,99,0,25,56,0,2,-2,1,-1,腹減り,3,泡沫,2,窮地,1,,,,,泡狐竜の上鱗,4,泡狐竜の紫上毛,3,泡立つ上滑液,3,ドラグライト鉱石,6
ゼクスＳグリーヴ,0,1,6,1,6,99,0,58,120,0,-2,3,-3,2,気絶,3,気力回復,2,連撃,1,,,,,電竜の堅棘殻,4,電竜の高電膜,2,電竜の鱗,6,カブレライト鉱石,5
ゼクスＳレギンス,0,2,6,1,6,99,0,29,60,0,-2,4,-3,2,気絶,3,気力回復,2,連撃,1,,,,,電竜の堅棘殻,4,電竜の高電膜,2,電竜の鱗,6,カブレライト鉱石,5
ガムートＳグリーヴ,0,1,6,0,6,99,0,66,128,-3,1,-1,3,2,耐震,4,寒冷適応,2,重撃,2,,,,,巨獣の堅牙,2,巨獣の剛毛,4,巨獣の甲殻,5,ファンゴの上毛皮,8
ガムートＳレギンス,0,2,6,0,6,99,0,33,64,-3,1,-1,4,2,重撃弾強化,4,寒冷適応,2,重撃,2,,,,,巨獣の堅牙,2,巨獣の剛毛,4,巨獣の甲殻,5,ファンゴの上毛皮,8
ディノＳグリーヴ,0,1,6,2,6,99,0,60,122,3,-3,1,0,-1,匠,2,研磨術,1,,,,,,,斬竜の堅殻,4,斬竜の焔状殻,2,獄炎石,2,跳狗竜の上赤皮,4
ディノＳレギンス,0,2,6,2,6,99,0,30,61,4,-3,1,0,-1,射法,2,研磨術,1,,,,,,,斬竜の堅殻,4,斬竜の焔状殻,2,獄炎石,2,跳狗竜の上赤皮,4
アグナグリーヴ,0,1,6,0,6,99,0,60,122,4,-4,0,-1,0,ガード性能,4,炎熱適応,2,,,,,,,赤熱した堅胸殻,4,炎戈竜の上皮,4,炎戈竜の鋭爪,2,イーオスの上紫鱗,3
アグナレギンス,0,2,6,0,6,99,0,30,61,6,-4,0,-1,0,反動,4,炎熱適応,2,,,,,,,赤熱した堅胸殻,4,炎戈竜の上皮,4,炎戈竜の鋭爪,2,イーオスの上紫鱗,3
ゴアＳグリーヴ,0,1,6,1,6,99,0,60,122,-2,2,-1,2,-2,回避性能,4,,,,,,,,,黒蝕竜の堅殻,5,黒蝕竜の上鱗,4,黒蝕竜の鋭惨爪,3,ノヴァクリスタル,1
ゴアＳレギンス,0,2,6,1,6,99,0,30,61,-2,3,-1,2,-2,回避性能,4,,,,,,,,,黒蝕竜の堅殻,5,黒蝕竜の上鱗,4,黒蝕竜の鋭惨爪,3,ノヴァクリスタル,1
EXゴアグリーヴ,0,1,6,1,8,99,0,64,126,-2,2,-1,2,-2,細菌学,4,,,,,,,,,EX黒蝕竜チケット,1,黒蝕竜の鋭惨爪,4,穢れた竜鱗,5,天廻龍の上鱗,4
EXゴアレギンス,0,2,6,1,8,99,0,32,63,-2,3,-1,2,-2,細菌学,4,,,,,,,,,EX黒蝕竜チケット,1,黒蝕竜の鋭惨爪,4,穢れた竜鱗,5,天廻龍の上鱗,4
ゴアＲグリーヴ,0,1,6,0,8,99,0,56,118,-2,2,-1,2,-2,闘魂,6,,,,,,,,,獰猛化黒蝕竜鱗,1,黒蝕竜の堅殻,5,獰猛な蝕龍鱗,1,黒蝕竜素材(pts),8
ゴアＲレギンス,0,2,6,0,8,99,0,28,59,-2,3,-1,2,-2,闘魂,5,,,,,,,,,獰猛化黒蝕竜鱗,1,黒蝕竜の堅殻,5,獰猛な蝕龍鱗,1,黒蝕竜素材(pts),8
レギオスＳグリーヴ,0,1,6,0,7,99,0,60,122,2,0,-3,-2,0,体術,4,抜刀会心,1,,,,,,,千刃竜の鋭刃鱗,5,千刃竜の刻爪,5,千刃竜の翼爪,3,堅竜骨,4
レギオスＳレギンス,0,2,6,0,7,99,0,30,61,4,0,-3,-2,0,体術,4,射法,1,,,,,,,千刃竜の鋭刃鱗,5,千刃竜の刻爪,5,千刃竜の翼爪,3,堅竜骨,4
ドボルグリーヴ,0,1,6,1,6,99,0,66,128,-3,2,1,-2,1,溜め短縮,3,,,,,,,,,尾槌竜の堅尾甲,3,尾槌竜の堅苔甲,4,尾槌竜のコブ,3,堅竜骨,3
ドボルレギンス,0,2,6,1,6,99,0,33,64,-2,2,1,-2,1,溜め短縮,3,,,,,,,,,尾槌竜の堅尾甲,3,尾槌竜の堅苔甲,4,尾槌竜のコブ,3,堅竜骨,3
レックスＳグリーヴ,0,1,6,1,6,99,0,60,122,2,0,-3,0,-2,聴覚保護,3,食事,2,回復量,-1,,,,,轟竜の上鱗,4,轟竜の尖爪,2,轟竜の甲殻,4,ユニオン鉱石,4
レックスＳレギンス,0,2,6,1,6,99,0,30,61,4,0,-3,0,-2,聴覚保護,3,食事,2,回復量,-1,,,,,轟竜の上鱗,4,轟竜の尖爪,2,轟竜の甲殻,4,ユニオン鉱石,4
EXレックスグリーヴ,0,1,6,1,8,99,0,64,126,2,0,-3,0,-2,逆上,3,肉食,2,食事,1,,,,,EX轟竜チケット,1,轟竜の上鱗,6,轟竜の鱗,5,巨獣の堅牙,4
EXレックスレギンス,0,2,6,1,8,99,0,32,63,4,0,-3,0,-2,逆上,3,肉食,2,食事,1,,,,,EX轟竜チケット,1,轟竜の上鱗,6,轟竜の鱗,5,巨獣の堅牙,4
レックスＲグリーヴ,0,1,6,1,8,99,0,56,118,2,0,-3,0,-2,聴覚保護,5,,,,,,,,,獰猛化轟竜鱗,1,轟竜の堅殻,5,轟竜の鋭牙,6,轟竜素材(pts),8
レックスＲレギンス,0,2,6,1,8,99,0,28,59,4,0,-3,0,-2,聴覚保護,5,,,,,,,,,獰猛化轟竜鱗,1,轟竜の堅殻,5,轟竜の鋭牙,6,轟竜素材(pts),8
キリンＳレガース,0,1,6,1,6,99,0,64,126,-1,-1,3,0,2,属性攻撃,3,スタミナ,2,加護,2,,,,,キリンの上皮,1,キリンの雷尾,3,ゴム質の上皮,2,電気袋,6
キリンＳブーツ,0,2,6,1,6,99,0,32,63,-1,-1,4,0,2,属性攻撃,3,スタミナ,2,加護,2,,,,,キリンの上皮,1,キリンの雷尾,3,ゴム質の上皮,2,電気袋,6
キリンＲレガース,0,1,6,1,7,99,0,60,122,-1,-1,3,0,2,加護,3,,,,,,,,,獰猛な帯電毛,1,キリンの上皮,3,キリンの皮,5,獰猛化素材(上位pts),8
キリンＲブーツ,0,2,6,1,7,99,0,30,61,-1,-1,4,0,2,加護,3,,,,,,,,,獰猛な帯電毛,1,キリンの上皮,3,キリンの皮,5,獰猛化素材(上位pts),8
ブラキＳグリーヴ,0,1,6,2,7,99,0,62,124,2,-4,0,-2,0,闘魂,2,細菌学,1,,,,,,,砕竜の堅殻,4,砕竜の堅黒曜甲,2,砕竜の剛拳,2,ドラグライト鉱石,10
ブラキＳレギンス,0,2,6,2,7,99,0,31,62,2,-3,0,-2,0,闘魂,2,細菌学,1,,,,,,,砕竜の堅殻,4,砕竜の堅黒曜甲,2,砕竜の剛拳,2,ドラグライト鉱石,10
EXブラキグリーヴ,0,1,6,2,8,99,0,66,128,2,-4,0,-2,0,爆弾強化,3,匠,1,,,,,,,EX砕竜チケット,1,砕竜の堅殻,5,砕竜の黒曜甲,5,モンスターの濃汁,8
EXブラキレギンス,0,2,6,2,8,99,0,33,64,2,-3,0,-2,0,爆弾強化,3,速射,1,,,,,,,EX砕竜チケット,1,砕竜の堅殻,5,砕竜の黒曜甲,5,モンスターの濃汁,8
金色ノ袴,0,1,6,0,6,99,0,66,128,2,1,3,-5,2,攻撃,3,無心,2,気配,-2,,,,,金獅子の尖角,2,金獅子の黒毛,2,翼蛇竜の上皮,2,鋼の龍鱗,2
黒子ノ足袋,0,2,6,0,6,99,0,33,64,2,1,3,-4,2,攻撃,3,気配,2,無心,2,,,,,金獅子の尖角,2,金獅子の黒毛,2,翼蛇竜の上皮,2,鋼の龍鱗,2
バンギスグリーヴ,0,1,6,1,6,99,0,66,128,0,0,-4,0,-4,痛撃,2,重撃,2,腹減り,-2,,,,,恐暴竜の鉤爪,4,恐暴竜の黒鱗,6,恐暴竜の唾液,3,爆鎚竜の骨髄,1
バンギスレギンス,0,2,6,1,6,99,0,33,64,0,0,-3,0,-4,痛撃,2,重撃,2,腹減り,-2,,,,,恐暴竜の鉤爪,4,恐暴竜の黒鱗,6,恐暴竜の唾液,3,爆鎚竜の骨髄,1
ギルドナイトブーツ,1,1,6,1,4,99,0,50,112,0,0,0,0,0,采配,2,運気,2,,,,,,,ギルドチケット,1,ゲネポスの大上皮,5,カンタロスの堅殻,3,モンスターの体液,3
ギルドナイトタイツ,1,2,6,1,4,99,0,25,56,0,0,0,0,0,采配,2,運気,1,,,,,,,ギルドチケット,1,ゲネポスの大上皮,5,カンタロスの堅殻,3,モンスターの体液,3
メイドＳソックス,2,1,6,1,7,99,0,50,112,0,0,0,0,0,采配,2,運気,2,,,,,,,ココットチケット,1,ゲネポスの大上皮,5,カンタロスの堅殻,3,モンスターの体液,3
プライベートＳタイツ,2,2,6,1,7,99,0,25,56,0,0,0,0,0,采配,2,運気,1,,,,,,,ココットチケット,1,ゲネポスの大上皮,5,カンタロスの堅殻,3,モンスターの体液,3
ギルドガードブーツ蒼,1,1,6,1,6,6,1,50,112,0,0,0,0,0,采配,2,護石王,2,,,,,,,ギルドチケット,1,ポッケチケット,1,海竜の上鱗,4,ランポスの大皮,6
ギルドガードタイツ蒼,1,2,6,1,6,6,1,25,56,0,0,0,0,0,采配,2,護石王,1,,,,,,,ギルドチケット,1,ポッケチケット,1,海竜の上鱗,4,ランポスの大皮,6
ギルドガードブーツ蒼,2,1,6,1,6,6,1,50,112,0,0,0,0,0,采配,2,護石王,2,,,,,,,ギルドチケット,1,ポッケチケット,1,海竜の上鱗,4,ランポスの大皮,6
ギルドガードタイツ蒼,2,2,6,1,6,6,1,25,56,0,0,0,0,0,采配,2,護石王,1,,,,,,,ギルドチケット,1,ポッケチケット,1,海竜の上鱗,4,ランポスの大皮,6
ギルドガードブーツ紅,1,1,6,1,6,6,1,50,112,0,0,0,0,0,采配,2,剥ぎ取り,2,,,,,,,ギルドチケット,1,ポッケチケット,1,鬼蛙の上鱗,5,盾蟹の小殻,8
ギルドガードタイツ紅,1,2,6,1,6,6,1,25,56,0,0,0,0,0,采配,2,剥ぎ取り,1,,,,,,,ギルドチケット,1,ポッケチケット,1,鬼蛙の上鱗,5,盾蟹の小殻,8
ギルドガードブーツ紅,2,1,6,1,6,6,1,50,112,0,0,0,0,0,采配,2,剥ぎ取り,2,,,,,,,ギルドチケット,1,ポッケチケット,1,鬼蛙の上鱗,5,盾蟹の小殻,8
ギルドガードタイツ紅,2,2,6,1,6,6,1,25,56,0,0,0,0,0,采配,2,剥ぎ取り,1,,,,,,,ギルドチケット,1,ポッケチケット,1,鬼蛙の上鱗,5,盾蟹の小殻,8
ヘルパーＳソックス,2,1,6,1,6,99,0,50,112,0,0,0,0,0,回復量,3,広域,3,,,,,,,ポッケチケット,1,ノヴァクリスタル,2,雪獅子の毛,3,雌火竜の堅殻,4
ヒーラーＳソックス,2,2,6,1,6,99,0,25,56,0,0,0,0,0,広域,3,回復量,2,,,,,,,ポッケチケット,1,ノヴァクリスタル,2,雪獅子の毛,3,雌火竜の堅殻,4
ヘルパーＵソックス,2,1,6,0,6,99,0,50,112,0,0,0,0,0,重撃,3,観察眼,2,広域,2,,,,,ポッケチケット,1,ノヴァクリスタル,2,迅竜の黒毛,3,雌火竜の堅殻,4
ヒーラーＵソックス,2,2,6,0,6,99,0,25,56,0,0,0,0,0,重撃,3,千里眼,2,回復量,2,,,,,ポッケチケット,1,ノヴァクリスタル,2,迅竜の黒毛,3,雌火竜の堅殻,4
ギルドバードＳブーツ,1,1,6,1,6,99,0,50,112,0,0,0,0,0,号令,2,運気,2,,,,,,,ギルドチケット,1,龍歴院チケット,1,潜口竜の尖爪,4,カブレライト鉱石,5
ギルドバードＳフット,1,2,6,1,6,99,0,25,56,0,0,0,0,0,号令,2,運気,1,,,,,,,ギルドチケット,1,龍歴院チケット,1,潜口竜の尖爪,4,カブレライト鉱石,5
三眼の足輪,0,0,6,3,6,99,0,15,46,0,0,0,0,0,,,,,,,,,,,堅竜骨,2,ノヴァクリスタル,2,,,,
撫子・華【球袴】,2,1,6,1,7,99,0,50,112,0,0,0,0,0,無心,2,千里眼,2,観察眼,2,,,,,ユクモチケット,1,ユクモの堅木,2,爆鎚竜の上鱗,5,ノヴァクリスタル,2
桔梗・華【球袴】,2,2,6,1,7,99,0,25,56,0,0,0,0,0,無心,2,千里眼,2,観察眼,2,,,,,ユクモチケット,1,ユクモの堅木,2,爆鎚竜の上鱗,5,ノヴァクリスタル,2
エースグリーヴ,1,1,6,0,8,99,0,50,112,0,0,0,0,0,気力回復,3,斬れ味,2,剣術,2,,,,,ベルナチケット,1,獰猛化鬼蛙鱗,1,黒蝕竜の上暗翼,3,古龍の血,2
エースレギンス,1,2,6,0,8,99,0,25,56,0,0,0,0,0,装填数,2,弾薬節約,2,気力回復,2,,,,,ベルナチケット,1,獰猛化鬼蛙鱗,1,黒蝕竜の上暗翼,3,古龍の血,2
クイーングリーヴ,2,1,6,0,8,99,0,50,112,0,0,0,0,0,気力回復,3,斬れ味,2,剣術,2,,,,,ベルナチケット,1,獰猛化鬼蛙鱗,1,黒蝕竜の上暗翼,3,古龍の血,2
クイーンレギンス,2,2,6,0,8,99,0,25,56,0,0,0,0,0,装填数,2,弾薬節約,2,気力回復,2,,,,,ベルナチケット,1,獰猛化鬼蛙鱗,1,黒蝕竜の上暗翼,3,古龍の血,2
ホークブーツ,1,1,6,1,7,6,1,50,112,0,0,0,0,0,体術,4,食事,2,,,,,,,ベルナチケット,1,上質な毛皮,2,化け鮫の上皮,4,奇猿狐の剛毛,2
ホークフット,1,2,6,1,7,6,1,25,56,0,0,0,0,0,体術,4,食事,2,,,,,,,ベルナチケット,1,上質な毛皮,2,化け鮫の上皮,4,奇猿狐の剛毛,2
グルニャンＳブーツ,0,1,6,2,6,99,0,56,118,1,1,1,1,1,スタミナ,2,回復量,2,,,,,,,獰猛化エキス,1,ビストロチケット,2,龍歴院チケット,1,青熊獣の剛毛,8
グルニャンＳフット,0,2,6,2,6,99,0,28,59,1,1,1,1,1,スタミナ,2,回復量,2,,,,,,,獰猛化エキス,1,ビストロチケット,2,龍歴院チケット,1,青熊獣の剛毛,8
サージュＳブーツ,0,1,6,2,6,99,0,50,112,0,0,0,0,0,細菌学,4,捕獲,1,,,,,,,龍歴院チケット,1,雲羊鹿の毛玉,5,獰猛な爪,2,電竜の上鱗,3
サージュＳタイツ,0,2,6,2,6,99,0,25,56,0,0,0,0,0,細菌学,4,捕獲,1,,,,,,,龍歴院チケット,1,雲羊鹿の毛玉,5,獰猛な爪,2,電竜の上鱗,3
城塞遊撃隊【足袋】,0,1,6,1,8,99,0,56,118,0,0,0,0,0,跳躍,3,攻撃,1,気力回復,1,,,,,ギルドチケット,1,轟竜の堅殻,4,竜玉,1,ゲネポスの皮,10
城塞弓撃隊【足袋】,0,2,6,1,8,99,0,28,59,0,0,0,0,0,跳躍,3,攻撃,1,気力回復,1,,,,,ギルドチケット,1,轟竜の堅殻,4,竜玉,1,ゲネポスの皮,10
忍の足袋・天,0,1,7,1,8,99,0,56,118,2,-1,2,-1,1,腹減り,8,気配,2,,,,,,,ギルドチケット,1,煌黒龍の翼膜,1,雌火竜の堅殻,5,古龍の血,2
忍の足袋・地,0,2,7,1,8,99,0,28,59,2,-1,2,-1,2,腹減り,7,気配,2,,,,,,,ギルドチケット,1,煌黒龍の翼膜,1,雌火竜の堅殻,5,古龍の血,2
忍の足袋・空,0,1,7,1,8,99,0,60,122,2,-1,2,-1,1,特殊攻撃,6,連撃,2,,,,,,,ギルドチケット,1,煌黒龍の翼膜,1,金火竜の堅殻,3,古龍の血,2
忍の足袋・海,0,2,7,1,8,99,0,30,61,2,-1,2,-1,2,特殊攻撃,5,連撃,2,,,,,,,ギルドチケット,1,煌黒龍の翼膜,1,金火竜の堅殻,3,古龍の血,2
龍歴士ブーツ,0,1,7,1,7,6,1,66,128,2,2,-2,-2,2,寒冷適応,2,炎熱適応,2,研磨術,2,,,,,ベルナチケット,2,龍歴院チケット,2,勇気の証Ｇ,2,竜玉,1
龍歴士フット,0,2,7,1,7,6,1,33,64,2,2,-2,-2,3,寒冷適応,2,炎熱適応,2,研磨術,2,,,,,ベルナチケット,2,龍歴院チケット,2,勇気の証Ｇ,2,竜玉,1
マスターグリーヴ,0,1,7,1,7,99,0,66,128,2,-2,2,-2,2,無心,2,加護,2,英雄の盾,2,,,,,ココットチケット,2,勇気の証Ｇ,2,いにしえの龍骨,3,竜玉,1
マスターレギンス,0,2,7,1,7,99,0,33,64,3,-2,2,-2,2,無心,2,加護,2,英雄の盾,2,,,,,ココットチケット,2,勇気の証Ｇ,2,いにしえの龍骨,3,竜玉,1
ブラックＳフット,0,1,7,1,8,99,0,66,128,2,2,2,2,-5,抜刀会心,2,溜め短縮,2,属性耐性,1,,,,,発光する上粘液,2,ポッケチケット,2,黒いかけら,3,いにしえの龍骨,3
ブラックＳレグス,0,2,7,1,8,99,0,33,64,2,2,2,3,-5,貫通弾強化,2,属性耐性,1,溜め短縮,1,,,,,発光する上粘液,2,ポッケチケット,2,黒いかけら,3,いにしえの龍骨,3
桐花【具足】,0,1,7,1,8,99,0,66,128,-2,2,2,2,-2,連撃,2,属性会心,2,会心強化,2,,,,,ユクモチケット,2,足湯チケット,1,希望の証Ｇ,2,古龍の浄血,1
三葵【具足】,0,2,7,1,8,99,0,33,64,-2,2,3,2,-2,連撃,2,属性会心,2,会心強化,2,,,,,ユクモチケット,2,足湯チケット,1,希望の証Ｇ,2,古龍の浄血,1
EXレイアＳグリーヴ,0,1,7,0,8,99,0,64,126,4,0,-3,0,-4,ガード強化,3,ガード性能,2,根性,2,,,,,EX火竜チケットＳ,1,雌火竜の堅殻,5,雌火竜の翼膜,4,爆炎袋,2
EXレイアＳレギンス,0,2,7,0,8,99,0,32,63,6,0,-3,0,-4,ガード強化,3,ガード性能,2,根性,2,,,,,EX火竜チケットＳ,1,雌火竜の堅殻,5,雌火竜の翼膜,4,爆炎袋,2
EXレウスＳグリーヴ,0,1,7,1,8,99,0,64,126,5,0,-4,0,-4,炎熱適応,3,攻撃,3,,,,,,,EX火竜チケットＳ,1,火竜の堅殻,5,火竜の翼膜,4,爆炎袋,2
EXレウスＳレギンス,0,2,7,1,8,99,0,32,63,6,0,-4,0,-4,炎熱適応,3,攻撃,3,,,,,,,EX火竜チケットＳ,1,火竜の堅殻,5,火竜の翼膜,4,爆炎袋,2
EXレックスＳグリーヴ,0,1,7,1,8,6,1,64,126,2,0,-4,0,-3,スタミナ,3,体術,2,,,,,,,EX轟竜チケットＳ,1,轟竜の上鱗,6,轟竜の鱗,5,泡狐竜の尖爪,4
EXレックスＳレギンス,0,2,7,1,8,6,1,32,63,4,0,-4,0,-3,スタミナ,3,体術,2,,,,,,,EX轟竜チケットＳ,1,轟竜の上鱗,6,轟竜の鱗,5,泡狐竜の尖爪,4
アークＳグリーヴ,1,1,7,0,7,99,0,68,130,-2,2,0,2,-4,匠,4,無傷,2,節食,2,,,,,天廻龍の堅殻,5,天廻龍の上鱗,4,天廻龍の鋭浄爪,3,堅竜骨,6
アークＳレギンス,1,2,7,1,7,99,0,34,65,-2,2,0,2,-3,通常弾強化,4,無傷,2,節食,2,,,,,天廻龍の堅殻,5,天廻龍の上鱗,4,天廻龍の鋭浄爪,3,堅竜骨,6
フィリアＳグリーヴ,2,1,7,0,7,99,0,68,130,-2,2,0,2,-4,匠,4,無傷,2,節食,2,,,,,天廻龍の堅殻,5,天廻龍の上鱗,4,天廻龍の鋭浄爪,3,堅竜骨,6
フィリアＳレギンス,2,2,7,1,7,99,0,34,65,-2,2,0,2,-3,通常弾強化,4,無傷,2,節食,2,,,,,天廻龍の堅殻,5,天廻龍の上鱗,4,天廻龍の鋭浄爪,3,堅竜骨,6
EXアークグリーヴ,1,1,7,0,7,6,1,72,134,-2,2,0,2,-4,ガード性能,4,チャンス,2,節食,2,,,,,EX天廻龍チケット,1,天廻龍の鋭浄爪,4,純白の龍鱗,5,黒蝕竜の上鱗,4
EXアークレギンス,1,2,7,0,7,6,1,36,67,-2,2,0,2,-3,反動,4,チャンス,2,節食,2,,,,,EX天廻龍チケット,1,天廻龍の鋭浄爪,4,純白の龍鱗,5,黒蝕竜の上鱗,4
EXフィリアグリーヴ,2,1,7,0,7,6,1,72,134,-2,2,0,2,-4,ガード性能,4,チャンス,2,節食,2,,,,,EX天廻龍チケット,1,天廻龍の鋭浄爪,4,純白の龍鱗,5,黒蝕竜の上鱗,4
EXフィリアレギンス,2,2,7,0,7,6,1,36,67,-2,2,0,2,-3,反動,4,チャンス,2,節食,2,,,,,EX天廻龍チケット,1,天廻龍の鋭浄爪,4,純白の龍鱗,5,黒蝕竜の上鱗,4
アークＲグリーヴ,1,1,7,0,8,99,0,64,126,-2,2,0,2,-4,匠,5,,,,,,,,,獰猛な蝕龍鱗,1,天廻龍の上鱗,5,獰猛化黒蝕竜鱗,1,天廻龍素材(pts),8
アークＲレギンス,1,2,7,0,8,99,0,32,63,-2,2,0,2,-3,通常弾強化,5,,,,,,,,,獰猛な蝕龍鱗,1,天廻龍の上鱗,5,獰猛化黒蝕竜鱗,1,天廻龍素材(pts),8
フィリアＲグリーヴ,2,1,7,0,8,99,0,64,126,-2,2,0,2,-4,匠,5,,,,,,,,,獰猛な蝕龍鱗,1,天廻龍の上鱗,5,獰猛化黒蝕竜鱗,1,天廻龍素材(pts),8
フィリアＲレギンス,2,2,7,0,8,99,0,32,63,-2,2,0,2,-3,通常弾強化,5,,,,,,,,,獰猛な蝕龍鱗,1,天廻龍の上鱗,5,獰猛化黒蝕竜鱗,1,天廻龍素材(pts),8
クシャナＳペイル,0,1,7,1,8,99,0,72,134,-1,2,-2,3,-3,匠,3,耐暑,2,毒,-2,,,,,鋼龍の堅殻,3,鋼の上龍鱗,4,鋼龍の爪,3,ユニオン鉱石,3
クシャナＳハディ,0,2,7,1,8,99,0,36,67,-1,2,-2,5,-3,耐暑,2,速射,2,毒,-2,,,,,鋼龍の堅殻,3,鋼の上龍鱗,4,鋼龍の爪,3,ユニオン鉱石,3
EXクシャナペイル,0,1,7,1,8,99,0,76,138,-1,2,-2,3,-3,連撃,3,ガード性能,2,,,,,,,EX鋼龍チケット,1,鋼龍の堅殻,5,鋼の上龍鱗,6,鋼龍素材(pts),8
EXクシャナハディ,0,2,7,1,8,99,0,38,69,-1,2,-2,5,-3,連撃,3,装填速度,2,,,,,,,EX鋼龍チケット,1,鋼龍の堅殻,5,鋼の上龍鱗,6,鋼龍素材(pts),8
クシャナＲペイル,0,1,7,1,8,99,0,68,130,-1,2,-2,3,-3,炎熱適応,2,匠,2,毒,-4,,,,,古龍の浄血,1,獰猛な氷塊,2,鋼の上龍鱗,6,獰猛化素材(上位pts),8
クシャナＲハディ,0,2,7,0,8,99,0,34,65,-1,2,-2,5,-3,炎熱適応,2,装填数,2,毒,-4,,,,,古龍の浄血,1,獰猛な氷塊,2,鋼の上龍鱗,6,獰猛化素材(上位pts),8
ミヅハ覇【具足】,0,1,7,0,8,99,0,56,118,-5,1,0,2,-3,風圧,4,聴覚保護,3,特殊攻撃,2,,,,,霞龍の上皮,2,霞龍の翼膜,1,真珠色の柔皮,2,ユニオン鉱石,5
トヨタマ覇【具足】,0,2,7,0,8,99,0,28,59,-4,1,0,2,-3,風圧,4,聴覚保護,3,特殊攻撃,2,,,,,霞龍の上皮,2,霞龍の翼膜,1,真珠色の柔皮,2,ユニオン鉱石,5
EXミヅハ【具足】,0,1,7,0,8,99,0,60,122,-5,1,0,2,-3,聴覚保護,3,笛,2,茸食,2,,,,,EX霞龍チケット,1,霞龍の上皮,5,真珠色の柔皮,8,,
EXトヨタマ【具足】,0,2,7,0,8,99,0,30,61,-4,1,0,2,-3,聴覚保護,3,気配,2,茸食,2,,,,,EX霞龍チケット,1,霞龍の上皮,5,真珠色の柔皮,8,,
カイザーＳグリーヴ,0,1,7,0,8,99,0,66,128,4,-4,1,-1,-3,闘魂,3,毒,2,気力回復,2,,,,,炎王龍の堅殻,4,炎龍の塵粉,2,獄炎石,2,古龍の血,3
カイザーＳレギンス,0,2,7,0,8,99,0,33,64,4,-3,1,-1,-3,闘魂,3,毒,2,気力回復,2,,,,,炎王龍の堅殻,4,炎龍の塵粉,2,獄炎石,2,古龍の血,3
EXカイザーグリーヴ,0,1,7,0,8,99,0,70,132,4,-4,1,-1,-3,達人,4,聴覚保護,2,回避性能,2,,,,,EX炎王龍チケット,1,炎王龍の堅殻,5,獄炎の龍鱗,5,,
EXカイザーレギンス,0,2,7,0,8,99,0,35,66,4,-3,1,-1,-3,達人,4,聴覚保護,2,回避性能,2,,,,,EX炎王龍チケット,1,炎王龍の堅殻,5,獄炎の龍鱗,5,,
シルバーソルグリーヴ,0,1,7,1,7,99,0,66,128,2,-6,-4,0,4,痛撃,3,会心強化,2,気絶,-2,,,,,銀火竜の堅殻,2,銀火竜の上鱗,4,火竜の煌液,2,ユニオン鉱石,5
シルバーソルレギンス,0,2,7,1,7,99,0,33,64,2,-5,-4,0,4,痛撃,3,会心強化,2,気絶,-2,,,,,銀火竜の堅殻,2,銀火竜の上鱗,4,火竜の煌液,2,ユニオン鉱石,5
EXＳ・ソルグリーヴ,0,1,7,0,8,99,0,70,132,2,-6,-4,0,4,剥ぎ取り,3,護石王,2,剣術,-3,,,,,EX銀火竜チケット,1,銀火竜の堅殻,5,火竜の鱗,8,,
EXＳ・ソルレギンス,0,2,7,0,8,99,0,35,66,2,-5,-4,0,4,剥ぎ取り,3,護石王,2,精密射撃,-3,,,,,EX銀火竜チケット,1,銀火竜の堅殻,5,火竜の鱗,8,,
Ｓ・ソルＲグリーヴ,0,1,7,0,8,99,0,62,124,2,-6,-4,0,4,匠,2,会心強化,2,斬れ味,-4,,,,,獰猛化銀火竜鱗,1,銀火竜の堅殻,5,火竜の煌液,4,獰猛化素材(上位pts),8
Ｓ・ソルＲレギンス,0,2,7,0,8,99,0,31,62,2,-5,-4,0,4,装填数,2,会心強化,2,調合成功率,-4,,,,,獰猛化銀火竜鱗,1,銀火竜の堅殻,5,火竜の煌液,4,獰猛化素材(上位pts),8
ゴールドルナグリーヴ,0,1,7,0,7,99,0,64,126,2,-4,-6,0,4,回復量,3,効果持続,3,節食,2,,,,,金火竜の堅殻,4,金火竜の上鱗,4,堅竜骨,5,古龍の血,2
ゴールドルナレギンス,0,2,7,0,7,99,0,32,63,2,-4,-5,0,4,回復量,3,効果持続,3,節食,2,,,,,金火竜の堅殻,4,金火竜の上鱗,4,堅竜骨,5,古龍の血,2
EXＧ・ルナグリーヴ,0,1,7,0,8,99,0,68,130,2,-4,-6,0,4,運気,4,護石王,2,体力,-3,,,,,EX金火竜チケット,1,金火竜の堅殻,5,雌火竜の鱗,8,,
EXＧ・ルナレギンス,0,2,7,0,8,99,0,34,65,2,-4,-5,0,4,運気,4,護石王,2,体力,-3,,,,,EX金火竜チケット,1,金火竜の堅殻,5,雌火竜の鱗,8,,
怒天ノ袴,0,1,7,0,8,99,0,70,132,2,1,3,-6,2,斬れ味,3,無心,2,気配,-3,,,,,金獅子の怒髪,3,金獅子の尖角,2,金獅子の黒毛,4,金火竜の上鱗,2
心滅ノ足袋,0,2,7,0,8,99,0,35,66,2,1,3,-5,2,弾薬節約,3,気配,3,無心,2,,,,,金獅子の怒髪,3,金獅子の尖角,2,金獅子の黒毛,4,金火竜の上鱗,2
グリードグリーヴ,0,1,7,0,8,99,0,70,132,-2,-2,-5,-2,-2,匠,3,斬れ味,2,腹減り,-2,,,,,歴戦の漆黒皮,2,恐暴竜の黒鱗,5,恐暴竜の鉤爪,4,古龍の浄血,1
グリードレギンス,0,2,7,1,8,99,0,35,66,-2,-2,-4,-2,-2,通常弾強化,2,射法,2,腹減り,-2,,,,,歴戦の漆黒皮,2,恐暴竜の黒鱗,5,恐暴竜の鉤爪,4,古龍の浄血,1
グリードＲグリーヴ,0,1,7,3,8,99,0,66,128,-2,-2,-5,-2,-2,匠,2,,,,,,,,,獰猛化恐暴竜鱗,1,ドス黒い血,4,恐暴竜の黒皮,6,獰猛化素材(上位pts),8
グリードＲレギンス,0,2,7,3,8,99,0,33,64,-2,-2,-4,-2,-2,通常弾強化,2,,,,,,,,,獰猛化恐暴竜鱗,1,ドス黒い血,4,恐暴竜の黒皮,6,獰猛化素材(上位pts),8
アカムトケマル,0,1,7,0,8,99,0,74,136,4,0,-3,2,-5,聴覚保護,3,剣術,2,鈍器,2,,,,,覇竜の上鱗,4,覇竜の剛爪,4,覇竜の堅殻,5,火竜の延髄,3
アカムトチキル,0,2,7,0,8,99,0,37,68,4,0,-3,2,-4,聴覚保護,3,精密射撃,2,貫通弾強化,2,,,,,覇竜の上鱗,4,覇竜の剛爪,4,覇竜の堅殻,5,火竜の延髄,3
アカムトＲケマル,0,1,7,2,8,99,0,70,132,4,0,-3,2,-5,鈍器,5,,,,,,,,,大竜結晶,1,獰猛な炎鱗,2,覇竜の上鱗,6,獰猛化素材(上位pts),8
アカムトＲチキル,0,2,7,2,8,99,0,35,66,4,0,-3,2,-4,貫通弾強化,5,,,,,,,,,大竜結晶,1,獰猛な炎鱗,2,覇竜の上鱗,6,獰猛化素材(上位pts),8
ウカムルケマル,0,1,7,0,8,99,0,80,142,-4,0,-3,4,-2,攻撃,4,斬れ味,2,回復量,2,,,,,崩竜の穿爪,2,崩竜の上ヒレ,4,崩竜の腹鱗,3,真珠色の柔皮,5
ウカムルチキル,0,2,7,0,8,99,0,40,71,-4,0,-3,4,-2,攻撃,4,散弾強化,2,回復量,2,,,,,崩竜の穿爪,2,崩竜の上ヒレ,4,崩竜の腹鱗,3,真珠色の柔皮,5
荒天【袴】,0,1,7,0,8,99,0,70,132,-3,4,0,0,-5,回避性能,4,本気,3,研ぎ師,-2,,,,,嵐龍の飛膜,4,嵐龍の堅殻,5,嵐龍の鋭爪,4,大水袋,5
蒼天【袴】,0,2,7,0,8,99,0,35,66,-3,5,0,0,-5,回避性能,4,本気,3,精密射撃,-2,,,,,嵐龍の飛膜,4,嵐龍の堅殻,5,嵐龍の鋭爪,4,大水袋,5
荒天亜流【袴】,0,1,7,0,8,99,0,66,128,-3,4,0,0,-5,回避性能,5,本気,2,研ぎ師,-2,,,,,嵐龍の飛膜,6,獰猛な水袋,2,古龍の浄血,1,獰猛化素材(上位pts),8
蒼天亜流【袴】,0,2,7,0,8,99,0,33,64,-3,5,0,0,-5,回避性能,5,本気,2,精密射撃,-2,,,,,嵐龍の飛膜,6,獰猛な水袋,2,古龍の浄血,1,獰猛化素材(上位pts),8
骸装甲・覇【大腿骨】,0,1,7,1,8,99,0,70,132,-1,-1,-1,-1,-2,逆上,2,窮地,2,回復速度,-3,,,,,堅骸体殻,2,発光する上粘液,1,骸体殻,4,カワズの殿油,2
屍装甲・覇【大腿骨】,0,2,7,1,8,99,0,35,66,-1,-1,-1,-1,-1,逆上,2,窮地,2,回復速度,-3,,,,,堅骸体殻,2,発光する上粘液,1,骸体殻,4,カワズの殿油,2
アスリスタブーツ,0,1,7,1,8,99,0,70,132,0,2,1,1,-4,無心,3,チャンス,2,気まぐれ,-2,,,,,骸龍の口腕甲,2,骸龍の喰砕牙,2,発光する上粘液,1,砕竜の骨髄,2
アスリスタフット,0,2,7,1,8,99,0,35,66,0,2,1,1,-3,チャンス,2,無心,2,気まぐれ,-2,,,,,骸龍の口腕甲,2,骸龍の喰砕牙,2,発光する上粘液,1,砕竜の骨髄,2
エスカドラスケル,0,1,7,0,8,99,0,76,138,0,0,0,0,-4,属性耐性,2,属性攻撃,2,属性会心,2,,,,,煌黒龍の逆鱗,4,煌黒龍の堅逆殻,4,煌黒龍の翼膜,2,砕竜の頭殻,3
エスカドラスクレ,0,2,7,0,8,99,0,38,69,0,0,0,0,-4,属性耐性,2,属性攻撃,2,属性会心,2,,,,,煌黒龍の逆鱗,4,煌黒龍の堅逆殻,4,煌黒龍の翼膜,2,砕竜の頭殻,3
エスカドラＲスケル,0,1,7,1,8,99,0,72,134,0,0,0,0,-4,属性会心,5,属性耐性,1,,,,,,,煌黒龍の逆鱗,6,獰猛な蝕龍鱗,2,古龍の浄血,1,獰猛化素材(上位pts),8
エスカドラＲスクレ,0,2,7,1,8,99,0,36,67,0,0,0,0,-4,属性会心,5,属性耐性,1,,,,,,,煌黒龍の逆鱗,6,獰猛な蝕龍鱗,2,古龍の浄血,1,獰猛化素材(上位pts),8
異形グリーヴ,0,1,5,0,4,99,0,44,106,1,1,1,1,3,体力,3,重撃,3,笛,2,,,,,異形の骨,1,紅兜の毛,2,尖竜骨,2,火炎袋,4
異形レギンス,0,2,5,0,4,99,0,22,53,2,2,2,2,3,体力,3,笛,2,重撃,2,,,,,異形の骨,1,紅兜の毛,2,尖竜骨,2,火炎袋,4
LV1 紅兜グリーヴ,0,1,X,0,2,2,1,26,48,-2,2,1,-1,0,体術,3,防御,2,,,,,,,紅兜狩猟の証１,1,紅兜の甲殻,2,青熊獣の腕甲,3,大きな骨,4
LV1 紅兜レギンス,0,2,X,0,2,2,1,13,24,-2,3,1,-1,0,体術,3,防御,2,,,,,,,紅兜狩猟の証１,1,紅兜の甲殻,2,青熊獣の腕甲,3,大きな骨,4
LV6 紅兜グリーヴ,0,1,X,0,6,2,1,54,116,-2,2,1,-1,0,体術,3,防御,2,紅兜,2,,,,,紅兜狩猟の証６,1,紅兜の毛,2,,,,
LV6 紅兜レギンス,0,2,X,0,6,2,1,27,58,-2,3,1,-1,0,体術,3,防御,2,紅兜,2,,,,,紅兜狩猟の証６,1,紅兜の毛,2,,,,
LV1 大雪主グリーヴ,0,1,X,0,2,99,0,22,44,-4,3,-2,4,0,回復速度,3,跳躍,2,,,,,,,大雪主狩猟の証１,1,大雪主の毛,2,白兎獣の氷爪,4,異形の骨,2
LV1 大雪主レギンス,0,2,X,0,2,99,0,11,22,-4,3,-2,5,0,回復速度,3,跳躍,2,,,,,,,大雪主狩猟の証１,1,大雪主の毛,2,白兎獣の氷爪,4,異形の骨,2
LV6 大雪主グリーヴ,0,1,X,0,6,99,0,50,112,-4,3,-2,4,0,回復速度,3,跳躍,2,大雪主,3,,,,,大雪主狩猟の証６,1,大雪主の腹甲,2,,,,
LV6 大雪主レギンス,0,2,X,0,6,99,0,25,56,-4,3,-2,5,0,回復速度,3,跳躍,2,大雪主,2,,,,,大雪主狩猟の証６,1,大雪主の腹甲,2,,,,
LV1 矛砕グリーヴ,0,1,X,0,2,99,0,30,52,0,4,-4,0,0,泡沫,3,窮地,2,,,,,,,矛砕狩猟の証１,1,矛砕の爪,2,黒真珠,3,異形の骨,2
LV1 矛砕レギンス,0,2,X,0,2,99,0,15,26,0,5,-4,0,0,泡沫,3,窮地,2,,,,,,,矛砕狩猟の証１,1,矛砕の爪,2,黒真珠,3,異形の骨,2
LV6 矛砕グリーヴ,0,1,X,0,6,99,0,58,120,0,4,-4,0,0,泡沫,3,窮地,2,矛砕,2,,,,,矛砕狩猟の証６,1,矛砕の爪,2,,,,
LV6 矛砕レギンス,0,2,X,0,6,99,0,29,60,0,5,-4,0,0,泡沫,3,窮地,2,矛砕,2,,,,,矛砕狩猟の証６,1,矛砕の爪,2,,,,
LV1 紫毒姫グリーヴ,0,1,X,0,2,99,0,30,52,4,0,-1,0,-3,達人,3,特殊会心,2,,,,,,,紫毒姫狩猟の証１,1,紫毒姫の甲殻,3,雌火竜の鱗,6,異形の骨,2
LV1 紫毒姫レギンス,0,2,X,0,2,99,0,15,26,4,1,-1,1,-3,達人,3,特殊会心,2,,,,,,,紫毒姫狩猟の証１,1,紫毒姫の甲殻,3,雌火竜の鱗,6,異形の骨,2
LV6 紫毒姫グリーヴ,0,1,X,0,7,99,0,58,120,4,0,-1,0,-3,達人,3,特殊会心,2,紫毒姫,2,,,,,紫毒姫狩猟の証６,1,紫毒姫の甲殻,2,,,,
LV6 紫毒姫レギンス,0,2,X,0,7,99,0,29,60,4,1,-1,1,-3,達人,3,特殊会心,2,紫毒姫,2,,,,,紫毒姫狩猟の証６,1,紫毒姫の甲殻,2,,,,
LV1 岩穿グリーヴ,0,1,X,0,4,99,0,52,72,3,-3,-2,0,0,痛撃,3,ガード性能,3,,,,,,,岩穿狩猟の証１,1,岩穿の甲殻,3,鬼蛙の尖爪,3,異形の骨,2
LV1 岩穿レギンス,0,2,X,0,4,99,0,26,36,4,-3,-2,1,1,装填速度,3,痛撃,3,,,,,,,岩穿狩猟の証１,1,岩穿の甲殻,3,鬼蛙の尖爪,3,異形の骨,2
LV6 岩穿グリーヴ,0,1,X,0,6,99,0,76,106,3,-3,-2,0,0,痛撃,3,ガード性能,3,岩穿,2,,,,,岩穿狩猟の証６,1,岩穿の鱗,2,,,,
LV6 岩穿レギンス,0,2,X,0,6,99,0,38,53,4,-3,-2,1,1,装填速度,3,痛撃,3,岩穿,2,,,,,岩穿狩猟の証６,1,岩穿の鱗,2,,,,
LV1 白疾風グリーヴ,0,1,X,0,5,2,1,44,64,-2,1,-3,0,0,会心強化,2,回避距離,2,,,,,,,白疾風狩猟の証１,1,白疾風の鱗,2,迅竜の尾棘,6,異形の骨,2
LV1 白疾風レギンス,0,2,X,0,5,2,1,22,32,-2,1,-3,1,1,会心強化,2,回避距離,2,,,,,,,白疾風狩猟の証１,1,白疾風の鱗,2,迅竜の尾棘,6,異形の骨,2
LV6 白疾風グリーヴ,0,1,X,0,7,2,1,68,98,-2,1,-3,0,0,会心強化,2,回避距離,2,白疾風,3,,,,,白疾風狩猟の証６,1,白疾風の黒毛,2,,,,
LV6 白疾風レギンス,0,2,X,0,7,2,1,34,49,-2,1,-3,1,1,会心強化,2,回避距離,2,白疾風,2,,,,,白疾風狩猟の証６,1,白疾風の黒毛,2,,,,
LV1 宝纏グリーヴ,0,1,X,0,5,99,0,70,90,4,-4,1,1,-2,運気,3,チャンス,2,,,,,,,宝纏狩猟の証１,1,宝纏の鱗,4,爆鎚竜の堅殻,5,異形の骨,2
LV1 宝纏レギンス,0,2,X,0,5,99,0,35,45,5,-4,1,1,-2,運気,3,チャンス,2,,,,,,,宝纏狩猟の証１,1,宝纏の鱗,4,爆鎚竜の堅殻,5,異形の骨,2
LV6 宝纏グリーヴ,0,1,X,0,7,99,0,94,124,4,-4,1,1,-2,運気,3,チャンス,2,宝纏,2,,,,,宝纏狩猟の証６,1,宝纏の宝顎,2,,,,
LV6 宝纏レギンス,0,2,X,0,7,99,0,47,62,5,-4,1,1,-2,運気,3,チャンス,2,宝纏,2,,,,,宝纏狩猟の証６,1,宝纏の宝顎,2,,,,
LV1 隻眼グリーヴ,0,1,X,0,5,99,0,66,86,2,-4,2,-2,0,連撃,2,根性,2,,,,,,,隻眼狩猟の証１,1,隻眼の鱗,5,黒狼鳥の上鱗,5,異形の骨,2
LV1 隻眼レギンス,0,2,X,0,5,99,0,33,43,3,-4,3,-2,0,連撃,2,根性,2,,,,,,,隻眼狩猟の証１,1,隻眼の鱗,5,黒狼鳥の上鱗,5,異形の骨,2
LV6 隻眼グリーヴ,0,1,X,0,7,99,0,90,120,2,-4,2,-2,0,連撃,2,根性,2,隻眼,3,,,,,隻眼狩猟の証６,1,隻眼の甲殻,2,,,,
LV6 隻眼レギンス,0,2,X,0,7,99,0,45,60,3,-4,3,-2,0,連撃,2,根性,2,隻眼,2,,,,,隻眼狩猟の証６,1,隻眼の甲殻,2,,,,
LV1 黒炎王グリーヴ,0,1,X,0,6,99,0,68,88,5,0,-2,0,-3,聴覚保護,3,痛撃,2,,,,,,,黒炎王狩猟の証１,1,黒炎王の甲殻,3,火竜の上鱗,5,異形の骨,2
LV1 黒炎王レギンス,0,2,X,0,6,99,0,34,44,5,1,-2,1,-3,聴覚保護,3,痛撃,2,,,,,,,黒炎王狩猟の証１,1,黒炎王の甲殻,3,火竜の上鱗,5,異形の骨,2
LV6 黒炎王グリーヴ,0,1,X,0,7,99,0,92,122,5,0,-2,0,-3,聴覚保護,3,痛撃,2,黒炎王,2,,,,,黒炎王狩猟の証６,1,黒炎王の堅殻,2,,,,
LV6 黒炎王レギンス,0,2,X,0,7,99,0,46,61,5,1,-2,1,-3,聴覚保護,3,痛撃,2,黒炎王,2,,,,,黒炎王狩猟の証６,1,黒炎王の堅殻,2,,,,
LV1 金雷公グリーヴ,0,1,X,0,6,99,0,68,88,0,0,4,-3,1,狂撃耐性,2,スタミナ,2,,,,,,,金雷公狩猟の証１,1,金雷公の甲殻,3,雷狼竜の堅殻,5,異形の骨,2
LV1 金雷公レギンス,0,2,X,0,6,99,0,34,44,0,0,5,-3,1,狂撃耐性,2,スタミナ,2,,,,,,,金雷公狩猟の証１,1,金雷公の甲殻,3,雷狼竜の堅殻,5,異形の骨,2
LV6 金雷公グリーヴ,0,1,X,0,7,99,0,92,122,0,0,4,-3,1,狂撃耐性,2,スタミナ,2,金雷公,3,,,,,金雷公狩猟の証６,1,金雷公の甲殻,2,,,,
LV6 金雷公レギンス,0,2,X,0,7,99,0,46,61,0,0,5,-3,1,狂撃耐性,2,スタミナ,2,金雷公,2,,,,,金雷公狩猟の証６,1,金雷公の甲殻,2,,,,
LV1 荒鉤爪グリーヴ,0,1,X,0,6,99,0,70,90,2,1,-4,1,-2,抜刀会心,3,重撃,2,,,,,,,荒鉤爪狩猟の証１,1,荒鉤爪の鱗,3,轟竜の鋭牙,6,堅竜骨,4
LV1 荒鉤爪レギンス,0,2,X,0,6,99,0,35,45,3,1,-4,1,-2,通常弾強化,3,重撃,2,,,,,,,荒鉤爪狩猟の証１,1,荒鉤爪の鱗,3,轟竜の鋭牙,6,堅竜骨,4
LV6 荒鉤爪グリーヴ,0,1,X,0,7,99,0,94,124,2,1,-4,1,-2,抜刀会心,3,重撃,2,荒鉤爪,2,,,,,荒鉤爪狩猟の証６,1,荒鉤爪の鱗,2,,,,
LV6 荒鉤爪レギンス,0,2,X,0,7,99,0,47,62,3,1,-4,1,-2,通常弾強化,3,重撃,2,荒鉤爪,2,,,,,荒鉤爪狩猟の証６,1,荒鉤爪の鱗,2,,,,
LV1 燼滅刃グリーヴ,0,1,X,0,6,99,0,70,90,4,-3,1,-2,0,研磨術,2,加護,2,,,,,,,燼滅刃狩猟の証１,1,燼滅刃の甲殻,3,斬竜の上鱗,5,堅竜骨,4
LV1 燼滅刃レギンス,0,2,X,0,6,99,0,35,45,4,-3,1,-2,0,研磨術,2,加護,2,,,,,,,燼滅刃狩猟の証１,1,燼滅刃の甲殻,3,斬竜の上鱗,5,堅竜骨,4
LV6 燼滅刃グリーヴ,0,1,X,0,7,99,0,94,124,4,-3,1,-2,0,研磨術,2,加護,2,燼滅刃,2,,,,,燼滅刃狩猟の証６,1,燼滅刃の鱗,2,,,,
LV6 燼滅刃レギンス,0,2,X,0,7,99,0,47,62,4,-3,1,-2,0,研磨術,2,加護,2,燼滅刃,2,,,,,燼滅刃狩猟の証６,1,燼滅刃の鱗,2,,,,
ニセたま脚タイツ,0,1,3,0,1,99,0,18,80,2,1,0,0,0,スタミナ,3,笛,3,運搬,3,,,,,ぐでぐでとした卵,1,赤熱した火炎嚢,1,鋼のたまご,1,海綿質の皮,3
ニセたま脚スーツ,0,2,3,0,1,99,0,9,40,3,1,0,0,0,スタミナ,3,笛,3,運搬,3,,,,,ぐでぐでとした卵,1,赤熱した火炎嚢,1,鋼のたまご,1,海綿質の皮,3
瑞星【具足】,1,1,3,1,1,99,0,24,86,1,1,1,1,1,スタミナ,2,本気,2,気絶,-2,,,,,スタジオパス,1,斬竜の炎状殻,3,斬竜の甲殻,4,ランポスの大爪,4
景星【具足】,1,2,3,0,1,99,0,12,43,2,2,2,2,2,スタミナ,2,本気,2,気絶,-2,,,,,スタジオパス,1,斬竜の炎状殻,3,斬竜の甲殻,4,ランポスの大爪,4
夢見【具足】,2,1,3,1,1,99,0,24,86,1,1,1,1,1,本気,3,スタミナ,2,連撃,1,,,,,スタジオパス,1,斬竜の炎状殻,3,斬竜の甲殻,4,ランポスの大爪,4
夢語【具足】,2,2,3,1,1,99,0,12,43,2,2,2,2,2,本気,3,スタミナ,2,連撃,1,,,,,スタジオパス,1,斬竜の炎状殻,3,斬竜の甲殻,4,ランポスの大爪,4
ニセたまＳ脚タイツ,0,1,4,0,4,99,0,32,94,2,1,0,0,0,スタミナ,3,笛,3,運気,3,,,,,ぐでぐでとした卵,2,海綿質の上皮,3,銀のたまご,1,爆炎袋,2
ニセたまＳ脚スーツ,0,2,4,0,4,99,0,16,47,3,1,0,0,0,スタミナ,3,笛,3,運気,3,,,,,ぐでぐでとした卵,2,海綿質の上皮,3,銀のたまご,1,爆炎袋,2
坊屋ジーンズ,0,1,5,0,4,99,0,50,112,2,2,2,2,2,気力回復,5,攻撃,3,気配,-2,,,,,クローズコイン,1,黒狼鳥の堅殻,3,ゲネポスの大上皮,5,黒蝕竜の鱗,4
坊屋デニム,0,2,5,0,4,99,0,25,56,3,3,3,3,3,気力回復,5,攻撃,3,気配,-2,,,,,クローズコイン,1,黒狼鳥の堅殻,3,ゲネポスの大上皮,5,黒蝕竜の鱗,4
ブラックレザーレグス,0,1,5,0,5,99,0,50,112,2,2,2,2,2,底力,6,気絶,2,,,,,,,モンハン部認定証,1,翼蛇竜の上皮,5,迅竜の上黒毛,3,上質な毛皮,4
ブラックレザーパンツ,0,2,5,0,5,99,0,25,56,3,3,3,3,3,底力,6,気絶,2,,,,,,,モンハン部認定証,1,翼蛇竜の上皮,5,迅竜の上黒毛,3,上質な毛皮,4
海賊Ｊブーツ,0,1,6,0,6,99,0,52,114,0,0,0,0,0,運気,3,護石王,2,気まぐれ,-2,,,,,海賊Ｊチケット,1,獰猛化溶岩竜鱗,1,溶岩竜の堅殻,4,赤熱した紅焔嚢,2
海賊Ｊパンツ,0,2,6,0,6,99,0,26,57,0,0,0,0,0,運気,3,護石王,2,気まぐれ,-2,,,,,海賊Ｊチケット,1,獰猛化溶岩竜鱗,1,溶岩竜の堅殻,4,赤熱した紅焔嚢,2
スターナイトグリーヴ,0,1,6,1,4,99,0,52,114,1,1,1,1,1,広域,3,研磨術,2,跳躍,2,,,,,スタジオＷパス,1,斬竜の上鱗,4,巨獣の剛毛,3,斬竜の尻尾,2
スターナイトレギンス,0,2,6,0,4,99,0,26,57,2,2,2,2,2,広域,3,研磨術,2,跳躍,2,,,,,スタジオＷパス,1,斬竜の上鱗,4,巨獣の剛毛,3,斬竜の尻尾,2
ライクロカーゴパンツ,0,1,6,1,6,99,0,54,116,0,-1,4,-2,1,回避距離,3,聴覚保護,2,気絶,1,,,,,ユニクロＳコイン,1,電竜の堅棘殻,3,電竜の帯電膜,5,雷狼竜の高電殻,3
ライクロカットパンツ,0,2,6,1,6,99,0,27,58,0,-1,5,-2,1,回避距離,3,気絶,1,聴覚保護,1,,,,,ユニクロＳコイン,1,電竜の堅棘殻,3,電竜の帯電膜,5,雷狼竜の高電殻,3
大海賊Ｊブーツ,0,1,6,0,6,99,0,56,118,-4,-4,-4,-4,-4,運気,4,剥ぎ取り,2,捕獲,2,,,,,海賊Ｊチケット,1,獰猛化溶岩竜鱗,1,溶岩竜の鋭牙,2,火竜の堅殻,4
大海賊Ｊパンツ,0,2,6,0,6,99,0,28,59,-3,-3,-3,-3,-3,運気,3,剥ぎ取り,2,捕獲,2,,,,,海賊Ｊチケット,1,獰猛化溶岩竜鱗,1,溶岩竜の鋭牙,2,火竜の堅殻,4
ブルースターブーツ,0,1,6,2,4,99,0,56,118,1,1,1,1,1,耐震,2,体術,2,,,,,,,スタジオＸパス,1,泡立つ上滑液,3,夜鳥の鋭翼爪,4,火竜の尻尾,2
ブルースターフット,0,2,6,2,4,99,0,28,59,2,2,2,2,2,体術,2,采配,2,,,,,,,スタジオＸパス,1,泡立つ上滑液,3,夜鳥の鋭翼爪,4,火竜の尻尾,2
バリアスーツレガース,1,1,6,0,4,99,0,64,126,4,4,4,4,-4,炎熱適応,3,属性耐性,3,腹減り,-3,,,,,サムスコイン,1,獰猛化黒狼鳥鱗,1,獄炎石,3,黒狼鳥の堅殻,4
バリアスーツシェル,1,2,6,0,4,99,0,32,63,5,5,5,5,-3,炎熱適応,3,属性耐性,3,腹減り,-3,,,,,サムスコイン,1,獰猛化黒狼鳥鱗,1,獄炎石,3,黒狼鳥の堅殻,4
ゼロスーツブーツ,2,1,6,0,4,99,0,48,110,4,4,4,4,-4,気力回復,3,回避性能,3,防御,-3,,,,,サムスコイン,1,獰猛化黒狼鳥鱗,1,獄炎石,3,黒狼鳥の堅殻,4
ゼロスーツタイツ,2,2,6,0,4,99,0,24,55,5,5,5,5,-3,気力回復,3,回避性能,3,防御,-3,,,,,サムスコイン,1,獰猛化黒狼鳥鱗,1,獄炎石,3,黒狼鳥の堅殻,4
瑞星・覇【具足】,1,1,7,1,4,99,0,64,126,1,1,1,1,1,スタミナ,2,本気,2,気絶,-2,,,,,スタジオＧパス,1,獰猛化電竜鱗,1,斬竜の鋭牙,4,電竜の翼爪,4
景星・覇【具足】,1,2,7,0,4,99,0,32,63,2,2,2,2,2,スタミナ,2,本気,2,気絶,-2,,,,,スタジオＧパス,1,獰猛化電竜鱗,1,斬竜の鋭牙,4,電竜の翼爪,4
夢見・覇【具足】,2,1,7,1,4,99,0,64,126,1,1,1,1,1,本気,3,スタミナ,2,連撃,1,,,,,スタジオＧパス,1,獰猛化電竜鱗,1,斬竜の鋭牙,4,電竜の翼爪,4
夢語・覇【具足】,2,2,7,1,4,99,0,32,63,2,2,2,2,2,本気,3,スタミナ,2,連撃,1,,,,,スタジオＧパス,1,獰猛化電竜鱗,1,斬竜の鋭牙,4,電竜の翼爪,4
スタールークグリーヴ,0,1,7,0,4,99,0,64,126,0,0,0,0,0,ガード性能,3,斬れ味,2,装填数,2,,,,,スタジオＧパス,1,獰猛化斬竜鱗,1,電竜の鋭翼爪,4,斬竜の炎状殻,3
スタールークレギンス,0,2,7,0,4,99,0,32,63,0,0,0,0,0,精密射撃,3,装填速度,2,装填数,2,,,,,スタジオＧパス,1,獰猛化斬竜鱗,1,電竜の鋭翼爪,4,斬竜の炎状殻,3
勇者の靴,0,1,7,1,4,99,0,64,126,2,2,2,2,2,剣術,2,無傷,2,効果持続,2,,,,,トライフォース,1,砕竜の堅黒曜甲,3,巨獣の堅牙,3,絞蛇竜の皮,4
勇者の具足,0,2,7,1,4,99,0,32,63,3,3,3,3,3,装填数,2,無傷,2,効果持続,2,,,,,トライフォース,1,砕竜の堅黒曜甲,3,巨獣の堅牙,3,絞蛇竜の皮,4
王者のレッグロック,0,1,7,0,6,99,0,66,128,4,4,4,4,4,闘魂,3,食事,3,気配,-2,,,,,地下闘技場入場券,1,獰猛化巨獣毛,1,金獅子の黒毛,3,鎌蟹の脚,5
強者のレッグロック,0,2,7,0,6,99,0,33,64,5,5,5,5,5,闘魂,3,食事,3,気配,-2,,,,,地下闘技場入場券,1,獰猛化巨獣毛,1,金獅子の黒毛,3,鎌蟹の脚,5
グリーヴオブレイジ,1,1,7,0,8,99,0,66,128,2,2,2,2,2,聴覚保護,3,本気,3,効果持続,-3,,,,,女神の抱擁,1,獰猛化恐暴竜鱗,1,恐暴竜の黒鱗,5,ノヴァクリスタル,2
レギンスオブレイジ,1,2,7,0,8,99,0,33,64,3,3,3,3,3,聴覚保護,3,本気,3,効果持続,-3,,,,,女神の抱擁,1,獰猛化恐暴竜鱗,1,恐暴竜の黒鱗,5,ノヴァクリスタル,2
グリーヴオブアナト,2,1,7,0,8,99,0,66,128,2,2,2,2,2,聴覚保護,3,本気,3,効果持続,-3,,,,,女神の抱擁,1,獰猛化恐暴竜鱗,1,恐暴竜の黒鱗,5,ノヴァクリスタル,2
レギンスオブアナト,2,2,7,0,8,99,0,33,64,3,3,3,3,3,聴覚保護,3,本気,3,効果持続,-3,,,,,女神の抱擁,1,獰猛化恐暴竜鱗,1,恐暴竜の黒鱗,5,ノヴァクリスタル,2
ゾディアスグリーヴ,0,1,7,1,8,99,0,68,130,1,1,1,1,1,回避性能,3,無心,2,跳躍,1,,,,,冥天の星くず,1,炎龍の塵粉,3,古龍の血,3,翼蛇竜の上皮,5
ゾディアスレギンス,0,2,7,1,8,99,0,34,65,2,2,2,2,2,回避性能,2,無心,2,跳躍,1,,,,,冥天の星くず,1,炎龍の塵粉,3,古龍の血,3,翼蛇竜の上皮,5
地上最強の袴,0,1,7,1,6,99,0,70,132,4,4,4,4,4,本気,4,肉食,3,気配,-3,,,,,地下闘技場入場券,1,獰猛化巨獣毛,1,恐暴竜の黒鱗,3,古龍の血,1
地上最強の下衣,0,2,7,1,6,99,0,35,66,5,5,5,5,5,本気,4,肉食,3,気配,-3,,,,,地下闘技場入場券,1,獰猛化巨獣毛,1,恐暴竜の黒鱗,3,古龍の血,1
飛竜の足袋・空,0,1,7,2,8,99,0,60,122,2,2,2,2,2,跳躍,3,気力回復,1,回避距離,2,,,,,ブヨブヨした皮,5,迅竜の上黒毛,4,歴戦の漆黒皮,2,オプション,1
飛竜の足袋・地,0,2,7,2,8,99,0,30,61,2,2,3,2,2,跳躍,3,気力回復,1,回避距離,2,,,,,ブヨブヨした皮,5,迅竜の上黒毛,4,歴戦の漆黒皮,2,オプション,1
スターロードグリーヴ,0,1,7,0,8,99,0,62,124,3,0,0,0,3,会心強化,2,痛撃,3,狂撃耐性,2,,,,,暖かい毛皮,8,獰猛化銀火竜鱗,1,金獅子の黒毛,3,シーリングシールド,1
スターロードブーツ,0,2,7,0,8,99,0,31,62,3,0,0,0,4,会心強化,2,痛撃,3,狂撃耐性,2,,,,,暖かい毛皮,8,獰猛化銀火竜鱗,1,金獅子の黒毛,3,シーリングシールド,1
