#名前,"性別(0=両,1=男,2=女)","タイプ(0=両方,1=剣士,2=ガンナー)",レア度,スロット数,入手時期／集☆（99=集入手不可）,入手時期／村☆（99=村入手不可）,入手時期集村(0=or/1=and),初期防御力,最終防御力,火耐性,水耐性,雷耐性,氷耐性,龍耐性,スキル系統1,スキル値1,スキル系統2,スキル値2,スキル系統3,スキル値3,スキル系統4,スキル値4,スキル系統5,スキル値5,生産素材1,個数,生産素材2,個数,生産素材3,個数,生産素材4,個数
レザーベルト,0,0,1,2,1,1,0,1,34,0,0,0,0,0,採取,2,,,,,,,,,暖かい毛皮,1,鉄鉱石,1,,,,
チェーンベルト,0,0,1,1,1,1,0,2,35,0,0,1,0,0,野草知識,2,,,,,,,,,鉄鉱石,1,暖かい毛皮,2,,,,
ベルダーベルト,0,0,1,1,1,1,0,2,35,0,1,0,0,0,笛,6,,,,,,,,,暖かい毛皮,1,セッチャクロアリ,2,,,,
ハントフォールド,0,1,1,1,1,1,0,2,68,1,0,0,0,0,高速設置,3,,,,,,,,,鉄鉱石,1,暖かい毛皮,2,,,,
ハントコート,0,2,1,1,1,1,0,1,34,2,0,0,0,0,高速設置,3,,,,,,,,,鉄鉱石,1,暖かい毛皮,2,,,,
マフモフコート,0,0,1,1,1,1,0,2,35,-1,0,0,2,0,耐寒,2,,,,,,,,,暖かい毛皮,2,ギアノスの皮,1,,,,
ユクモノオビ,0,0,1,1,1,1,0,2,35,0,0,1,0,0,達人,2,,,,,,,,,ユクモの木,1,鉄鉱石,2,,,,
ロックラックコイル,0,0,1,0,1,1,0,2,35,1,0,0,0,2,運搬,3,耐暑,2,,,,,,,甲虫の腹袋,2,ジャギィの鱗,3,大地の結晶,2,,
ハンターフォールド,0,1,1,1,1,1,0,6,72,0,0,0,0,0,狩人,6,,,,,,,,,ファンゴの毛皮,3,鉄鉱石,1,セッチャクロアリ,1,,
ハンターコート,0,2,1,1,1,1,0,3,36,0,0,0,0,0,狩人,6,,,,,,,,,ファンゴの毛皮,3,鉄鉱石,1,セッチャクロアリ,1,,
ボーンフォールド,0,1,1,2,1,1,0,6,72,0,0,0,-1,0,KO,2,,,,,,,,,獣骨,3,なぞの骨,2,ブランゴの毛,1,,
ボーンコート,0,2,1,2,1,1,0,3,36,0,0,0,-1,0,KO,1,,,,,,,,,獣骨,3,なぞの骨,2,ブランゴの毛,1,,
スキンライトベルト,0,0,1,1,1,1,0,5,38,0,0,0,0,0,睡眠,8,,,,,,,,,暖かい毛皮,2,甲虫の腹袋,3,,,,
アイアンベルト,0,0,1,1,1,1,0,5,38,0,0,3,0,0,対防御DOWN,8,,,,,,,,,鉄鉱石,2,暖かい毛皮,1,ハリマグロ,2,,
ジャギィフォールド,0,1,1,1,1,1,0,6,72,-2,0,0,0,0,攻撃,4,防御,-2,,,,,,,ジャギィの皮,3,ジャギィの鱗,3,竜骨【小】,4,円盤石,2
ジャギィコート,0,2,1,1,1,1,0,3,36,-2,0,0,0,0,攻撃,4,防御,-2,,,,,,,ジャギィの皮,3,ジャギィの鱗,3,竜骨【小】,4,円盤石,2
マッカォフォールド,0,1,1,1,1,1,0,8,74,-2,0,0,0,0,減気攻撃,2,,,,,,,,,マッカォの鱗,4,マッカォの皮,3,キラビートル,3,,
マッカォコート,0,2,1,1,1,1,0,4,37,-2,1,1,1,1,減気攻撃,2,,,,,,,,,マッカォの鱗,4,マッカォの皮,3,キラビートル,3,,
ランポスフォールド,0,1,1,1,1,2,0,8,74,0,0,0,-2,0,水属性攻撃,4,,,,,,,,,ランポスの鱗,3,ランポスの皮,2,ファンゴの毛皮,1,大地の結晶,2
ランポスコート,0,2,1,1,1,2,0,4,37,0,1,1,-2,0,水属性攻撃,4,,,,,,,,,ランポスの鱗,3,ランポスの皮,2,ファンゴの毛皮,1,大地の結晶,2
ギアノスフォールド,0,1,1,1,1,2,0,8,74,0,0,-1,2,0,だるま,5,睡眠,-5,,,,,,,ギアノスの皮,3,ギアノスの鱗,1,大地の結晶,2,ファンゴの毛皮,1
ギアノスコート,0,2,1,1,1,2,0,4,37,0,0,-1,3,0,だるま,4,睡眠,-5,,,,,,,ギアノスの皮,3,ギアノスの鱗,1,大地の結晶,2,ファンゴの毛皮,1
ゲネポスフォールド,0,1,1,2,1,2,0,10,76,0,0,1,-2,0,麻痺,2,毒,-2,,,,,,,ゲネポスの皮,4,ゲネポスの鱗,3,鉄鉱石,2,鳥竜種の牙,4
ゲネポスコート,0,2,1,2,1,2,0,5,38,1,0,2,-2,0,麻痺,1,毒,-2,,,,,,,ゲネポスの皮,4,ゲネポスの鱗,3,鉄鉱石,2,鳥竜種の牙,4
ランゴフォールド,0,1,1,0,2,3,0,10,76,-2,1,1,1,2,納刀,5,,,,,,,,,ランゴスタの甲殻,4,鉄鉱石,4,円盤石,3,,
ランゴコート,0,2,1,0,2,3,0,5,38,-2,2,2,2,3,納刀,5,,,,,,,,,ランゴスタの甲殻,4,鉄鉱石,4,円盤石,3,,
タロスフォールド,0,1,1,1,1,3,0,10,76,-1,-1,-1,-1,4,龍耐性,4,,,,,,,,,カンタロスの羽,2,カンタロスの甲殻,4,セッチャクロアリ,3,モンスターの体液,1
タロスコート,0,2,1,1,1,3,0,5,38,-1,-1,-1,-1,6,龍耐性,4,,,,,,,,,カンタロスの羽,2,カンタロスの甲殻,4,セッチャクロアリ,3,モンスターの体液,1
ブナハコイル,0,1,1,0,1,3,0,10,76,-2,0,0,0,2,特殊攻撃,3,火耐性,-2,,,,,,,飛甲虫の羽,3,飛甲虫の甲殻,2,モンスターの体液,1,キラビートル,2
ブナハコート,0,2,1,0,1,3,0,5,38,-2,1,1,1,3,特殊攻撃,3,火耐性,-2,,,,,,,飛甲虫の羽,3,飛甲虫の甲殻,2,モンスターの体液,1,キラビートル,2
モスヒップ,0,0,1,2,1,1,0,5,38,0,0,0,0,0,食いしん坊,1,,,,,,,,,モスの苔皮,1,ファンゴの毛皮,2,大猪の皮,1,セッチャクロアリ,1
リノプロコイル,0,1,1,1,1,2,0,12,78,2,0,0,-2,0,水属性攻撃,1,砲術,1,,,,,,,草食竜の甲殻,2,草食竜の頭殻,1,大地の結晶,2,,
リノプロコート,0,2,1,1,1,2,0,6,39,3,0,0,-2,0,水属性攻撃,1,砲術,1,,,,,,,草食竜の甲殻,2,草食竜の頭殻,1,大地の結晶,2,,
ファンゴフォールド,0,1,1,1,1,2,0,12,78,0,2,-2,1,0,底力,3,加護,-3,,,,,,,大猪の皮,3,大きな骨,3,鉄鉱石,5,,
ファンゴコート,0,2,1,1,1,2,0,6,39,0,3,-2,1,0,底力,3,加護,-3,,,,,,,大猪の皮,3,大きな骨,3,鉄鉱石,5,,
アシラフォールド,0,1,1,3,2,2,0,14,80,-2,0,-2,0,0,,,,,,,,,,,青熊獣の毛,2,青熊獣の甲殻,1,大きな骨,1,セッチャクロアリ,3
アシラコート,0,2,1,3,2,2,0,7,40,-2,0,-2,0,0,,,,,,,,,,,青熊獣の毛,2,青熊獣の甲殻,1,大きな骨,1,セッチャクロアリ,3
ガレオスフォールド,0,1,1,1,1,2,0,14,80,2,0,0,-3,0,耐暑,5,耐寒,-5,,,,,,,砂竜の鱗,5,砂竜の牙,2,竜骨【中】,2,ハレツアロワナ,5
ガレオスコート,0,2,1,1,1,2,0,7,40,2,0,0,-3,0,耐暑,5,耐寒,-5,,,,,,,砂竜の鱗,5,砂竜の牙,2,竜骨【中】,2,ハレツアロワナ,5
ブレイブベルト,0,0,2,1,3,4,0,8,39,0,0,0,0,0,火属性攻撃,3,乗り,2,,,,,,,ベルナチケット,1,ドラグライト鉱石,2,暖かい毛皮,1,ランポスの皮,2
アロイコイル,0,1,2,0,2,3,0,12,74,-1,0,-1,-1,0,風圧,3,,,,,,,,,ライトクリスタル,1,マカライト鉱石,2,鉄鉱石,3,,
アロイコート,0,2,2,0,2,3,0,6,37,-1,0,-1,-1,0,風圧,3,,,,,,,,,ライトクリスタル,1,マカライト鉱石,2,鉄鉱石,3,,
バトルフォールド,0,1,2,0,3,4,0,12,74,1,-1,-1,0,0,ガード性能,4,攻撃,2,,,,,,,翼蛇竜の皮,2,暖かい毛皮,2,ランポスの皮,3,大地の結晶,2
バトルコート,0,2,2,0,3,4,0,6,37,2,-1,-1,0,0,反動,4,攻撃,1,,,,,,,翼蛇竜の皮,2,暖かい毛皮,2,ランポスの皮,3,大地の結晶,2
インゴットコイル,0,1,2,2,3,4,0,14,76,-1,-1,1,0,0,風圧,1,氷属性攻撃,1,運気,-1,,,,,ドラグライト鉱石,4,紅蓮石,1,氷結晶,3,マカライト鉱石,5
インゴットコート,0,2,2,2,3,4,0,7,38,-1,-1,2,0,0,風圧,1,氷属性攻撃,1,運気,-1,,,,,ドラグライト鉱石,4,紅蓮石,1,氷結晶,3,マカライト鉱石,5
ハイメタフォールド,0,1,2,2,3,4,0,14,76,0,-1,2,-1,0,聴覚保護,2,加護,-1,,,,,,,ドラグライト鉱石,2,マカライト鉱石,5,鉄鉱石,2,とがった牙,2
ハイメタコート,0,2,2,2,3,4,0,7,38,0,-1,3,-1,0,聴覚保護,2,加護,-1,,,,,,,ドラグライト鉱石,2,マカライト鉱石,5,鉄鉱石,2,とがった牙,2
メルホアオッハ,0,1,2,2,1,3,0,12,74,0,1,1,0,0,採取,2,,,,,,,,,ドスビスカス,1,ライトクリスタル,1,不死虫,4,ネムリ草,2
メルホアブラット,0,2,2,2,1,3,0,6,37,0,1,1,0,0,採取,1,,,,,,,,,ドスビスカス,1,ライトクリスタル,1,不死虫,4,ネムリ草,2
マカルパコイル,0,1,2,1,1,2,0,14,76,1,2,-2,0,0,調合成功率,4,,,,,,,,,春夜鯉,1,砂竜の鱗,3,小金魚,2,調合書①入門編,1
マカルパナジュワ,0,2,2,1,1,2,0,7,38,1,3,-2,0,0,調合成功率,3,,,,,,,,,春夜鯉,1,砂竜の鱗,3,小金魚,2,調合書①入門編,1
ビストロサロン,0,1,2,1,2,3,0,12,74,3,1,0,2,0,食事,2,回復量,-1,,,,,,,ビストロチケット,1,ブヨブヨした皮,4,クーラーミート,10,,
ビストロエプロン,0,2,2,1,2,3,0,6,37,4,1,0,3,0,食事,1,回復量,-1,,,,,,,ビストロチケット,1,ブヨブヨした皮,4,クーラーミート,10,,
オウビートアンカ,1,1,2,0,2,4,0,18,80,2,-2,2,-2,3,体術,3,スタミナ,-2,,,,,,,オオツノアゲハ,1,ベアライト石,1,アルビノエキス,3,電気袋,1
オウビートコクサ,1,2,2,0,2,4,0,9,40,3,-2,2,-2,4,体術,3,スタミナ,-2,,,,,,,オオツノアゲハ,1,ベアライト石,1,アルビノエキス,3,電気袋,1
パピメルアンカ,2,1,2,0,2,4,0,18,80,2,-2,2,-2,3,体術,3,スタミナ,-2,,,,,,,オオツノアゲハ,1,ベアライト石,1,アルビノエキス,3,電気袋,1
パピメルコクサ,2,2,2,0,2,4,0,9,40,3,-2,2,-2,4,体術,3,スタミナ,-2,,,,,,,オオツノアゲハ,1,ベアライト石,1,アルビノエキス,3,電気袋,1
デスギアナーベル,0,1,2,0,2,3,0,16,78,2,1,1,-1,0,狂撃耐性,5,回避性能,-3,,,,,,,禍々しい布,1,イーオスの紫鱗,3,竜骨【大】,2,セッチャクロアリ,2
デスギアガイツ,0,2,2,0,2,3,0,8,39,3,1,1,-1,0,狂撃耐性,5,回避性能,-3,,,,,,,禍々しい布,1,イーオスの紫鱗,3,竜骨【大】,2,セッチャクロアリ,2
マギュルオッハ,0,1,2,2,2,3,0,14,76,-3,1,0,2,0,火属性攻撃,4,,,,,,,,,ペピポパンプキン,1,ベアライト石,3,ハリの実,10,霜ふり草,10
マギュルブラット,0,2,2,2,2,3,0,7,38,-3,2,0,3,0,火属性攻撃,3,,,,,,,,,ペピポパンプキン,1,ベアライト石,3,ハリの実,10,霜ふり草,10
エーデルオッハ,0,1,2,1,1,3,0,14,76,-1,3,-1,0,0,広域,4,,,,,,,,,星見の花,1,水袋,1,ツタの葉,8,ユクモの木,1
エーデルブラット,0,2,2,1,1,3,0,7,38,-1,4,-1,0,0,広域,4,,,,,,,,,星見の花,1,水袋,1,ツタの葉,8,ユクモの木,1
スカルダアンカ,1,1,2,0,1,1,0,18,80,3,-1,-1,-1,3,達人,3,特殊会心,3,攻撃,-2,,,,,毒クモリ,1,カンタロスの羽,3,毒袋,2,セッチャクロアリ,5
スカルダコクサ,1,2,2,0,1,1,0,9,40,4,-1,-1,-1,3,達人,3,特殊会心,3,攻撃,-2,,,,,毒クモリ,1,カンタロスの羽,3,毒袋,2,セッチャクロアリ,5
スパイオアンカ,2,1,2,0,1,1,0,18,80,3,-1,-1,-1,3,達人,3,特殊会心,3,攻撃,-2,,,,,毒クモリ,1,カンタロスの羽,3,毒袋,2,セッチャクロアリ,5
スパイオコクサ,2,2,2,0,1,1,0,9,40,4,-1,-1,-1,3,達人,3,特殊会心,3,攻撃,-2,,,,,毒クモリ,1,カンタロスの羽,3,毒袋,2,セッチャクロアリ,5
ドロスフォールド,0,1,2,2,1,3,0,12,74,-2,4,-1,0,0,節食,2,,,,,,,,,水生獣の皮,5,竜骨【小】,5,暖かい毛皮,3,とがった爪,3
ドロスコート,0,2,2,2,1,3,0,6,37,-2,5,-1,0,0,節食,2,,,,,,,,,水生獣の皮,5,竜骨【小】,5,暖かい毛皮,3,とがった爪,3
コトルフォールド,0,1,2,0,3,4,0,14,76,4,-2,0,-1,0,ガード強化,4,,,,,,,,,溶岩獣の鱗,4,マカライト鉱石,4,ドスヘラクレス,4,暖かい毛皮,2
コトルコート,0,2,2,0,3,4,0,7,38,5,-2,0,-1,0,変則射撃,4,,,,,,,,,溶岩獣の鱗,4,マカライト鉱石,4,ドスヘラクレス,4,暖かい毛皮,2
ムーファコイル,0,1,2,0,1,3,0,14,76,-1,0,2,3,0,雷属性攻撃,4,耐寒,2,,,,,,,雲羊鹿の角,1,雲羊鹿の毛玉,2,とがった爪,2,,
ムーファコート,0,2,2,0,1,3,0,7,38,-1,0,3,4,0,雷属性攻撃,4,耐寒,1,,,,,,,雲羊鹿の角,1,雲羊鹿の毛玉,2,とがった爪,2,,
ガブラスーツベルト,0,1,2,1,3,4,0,10,72,1,1,1,1,2,運気,2,加護,-2,,,,,,,縞模様の皮,5,キラビートル,2,マカライト鉱石,3,鳥竜種の牙,2
ガブラスーツバンド,0,2,2,1,3,4,0,5,36,1,1,1,1,3,運気,2,加護,-2,,,,,,,縞模様の皮,5,キラビートル,2,マカライト鉱石,3,鳥竜種の牙,2
イーオスフォールド,0,1,2,1,2,3,0,14,76,2,-1,-1,0,0,観察眼,2,毒,1,気絶,-1,,,,,イーオスの大皮,3,イーオスの紫鱗,2,イーオスの鱗,2,マカライト鉱石,3
イーオスコート,0,2,2,1,2,3,0,7,38,3,-1,-1,0,0,毒,1,観察眼,1,気絶,-1,,,,,イーオスの大皮,3,イーオスの紫鱗,2,イーオスの鱗,2,マカライト鉱石,3
クックフォールド,0,1,2,0,1,3,0,16,78,4,-1,0,-3,0,攻撃,2,防御,-2,,,,,,,怪鳥の鱗,2,怪鳥の甲殻,3,竜骨【中】,1,,
クックコート,0,2,2,0,1,3,0,8,39,5,-1,0,-3,0,攻撃,2,防御,-2,,,,,,,怪鳥の鱗,2,怪鳥の甲殻,3,竜骨【中】,1,,
ウルクフォールド,0,1,2,1,1,3,0,14,76,-3,1,0,4,0,回避性能,2,体力,-2,,,,,,,白兎獣の毛,3,白兎獣の氷爪,1,大きな骨,2,キラビートル,3
ウルクコート,0,2,2,1,1,3,0,7,38,-3,1,0,5,0,回避性能,2,体力,-2,,,,,,,白兎獣の毛,3,白兎獣の氷爪,1,大きな骨,2,キラビートル,3
ゲリョスフォールド,0,1,2,0,1,3,0,16,78,-3,1,4,-1,0,毒,3,スタミナ,3,腹減り,-3,,,,,毒怪鳥の翼膜,2,毒袋,3,大地の結晶,2,,
ゲリョスコート,0,2,2,0,1,3,0,8,39,-3,1,5,-1,0,毒,3,スタミナ,3,腹減り,-3,,,,,毒怪鳥の翼膜,2,毒袋,3,大地の結晶,2,,
カブラフォールド,0,1,2,1,1,3,0,18,80,2,-3,-1,0,1,耐震,3,睡眠,-3,,,,,,,鬼蛙の鱗,3,草食竜の頭殻,2,大きな骨,3,なぞの骨,4
カブラコート,0,2,2,1,1,3,0,9,40,3,-3,-1,0,1,耐震,3,睡眠,-3,,,,,,,鬼蛙の鱗,3,草食竜の頭殻,2,大きな骨,3,なぞの骨,4
ザザミフォールド,0,1,2,0,1,3,0,20,82,-1,3,-3,0,1,ガード性能,4,体術,-3,,,,,,,盾蟹の甲殻,3,盾蟹の小殻,2,とがった爪,4,竜骨【小】,5
ザザミコート,0,2,2,0,1,3,0,10,41,-1,4,-3,0,1,反動,4,装填速度,-3,,,,,,,盾蟹の甲殻,3,盾蟹の小殻,2,とがった爪,4,竜骨【小】,5
ラングロフォールド,0,1,2,1,3,4,0,18,80,2,-3,0,-1,1,細菌学,4,気力回復,-2,,,,,,,赤甲獣の甲殻,3,麻痺袋,4,モンスターの体液,1,紅蓮石,1
ラングロコート,0,2,2,1,3,4,0,9,40,3,-3,0,-1,1,細菌学,3,気力回復,-2,,,,,,,赤甲獣の甲殻,3,麻痺袋,4,モンスターの体液,1,紅蓮石,1
ルドロスフォールド,0,1,2,1,1,3,0,18,80,-3,4,-1,0,0,気力回復,4,回避性能,-3,,,,,,,水獣の鱗,3,未熟な海綿質,5,水獣の尻尾,1,キラビートル,2
ルドロスコート,0,2,2,1,1,3,0,9,40,-3,5,-1,0,0,気力回復,4,回避性能,-3,,,,,,,水獣の鱗,3,未熟な海綿質,5,水獣の尻尾,1,キラビートル,2
ホロロフォールド,0,1,2,0,2,4,0,18,80,-2,-2,1,1,0,睡眠,4,痛撃,2,,,,,,,夜鳥の翼膜,3,夜鳥の尾羽,2,鉄鉱石,5,睡眠袋,2
ホロロコート,0,2,2,0,2,4,0,9,40,-1,-2,1,1,0,睡眠,4,痛撃,2,,,,,,,夜鳥の翼膜,3,夜鳥の尾羽,2,鉄鉱石,5,睡眠袋,2
フルフルフォールド,0,1,2,0,2,3,0,18,80,-4,1,4,2,1,回復量,4,,,,,,,,,ブヨブヨした皮,2,鉄鉱石,8,ゴム質の皮,1,,
フルフルコート,0,2,2,0,2,3,0,9,40,-4,1,5,2,1,回復量,4,,,,,,,,,ブヨブヨした皮,2,鉄鉱石,8,ゴム質の皮,1,,
レイアフォールド,0,1,2,0,2,4,0,20,82,3,0,-2,0,-3,体力,2,回復量,2,回復速度,-2,,,,,雌火竜の翼膜,2,火炎袋,2,マカライト鉱石,5,ゲネポスの大皮,2
レイアコート,0,2,2,0,2,4,0,10,41,4,0,-2,0,-3,体力,2,回復量,1,回復速度,-2,,,,,雌火竜の翼膜,2,火炎袋,2,マカライト鉱石,5,ゲネポスの大皮,2
ハプルフォールド,0,1,2,2,2,3,0,20,82,2,0,-1,-3,1,食いしん坊,4,回復量,-1,,,,,,,潜口竜の皮,3,潜口竜の頭殻,1,竜骨【大】,3,甲虫の腹袋,4
ハプルコート,0,2,2,2,2,3,0,10,41,3,0,-1,-3,1,食いしん坊,4,回復量,-1,,,,,,,潜口竜の皮,3,潜口竜の頭殻,1,竜骨【大】,3,甲虫の腹袋,4
ブランゴフォールド,0,1,2,0,2,4,0,18,80,-4,1,0,4,0,氷属性攻撃,2,体術,2,スタミナ,-2,,,,,ブランゴの毛,4,獣骨,2,大きな骨,3,ベアライト石,4
ブランゴコート,0,2,2,0,2,4,0,9,40,-4,1,0,5,0,氷属性攻撃,2,体術,2,スタミナ,-2,,,,,ブランゴの毛,4,獣骨,2,大きな骨,3,ベアライト石,4
ギザミフォールド,0,1,2,0,2,4,0,20,82,1,2,-1,-1,0,達人,3,斬れ味,2,雷耐性,-2,,,,,鎌蟹の甲殻,2,鎌蟹の小殻,4,マカライト鉱石,2,キラビートル,1
ギザミコート,0,2,2,0,2,4,0,10,41,2,2,-1,-1,0,達人,3,弾薬節約,2,雷耐性,-2,,,,,鎌蟹の甲殻,2,鎌蟹の小殻,4,マカライト鉱石,2,キラビートル,1
ガララフォールド,0,1,2,1,2,4,0,20,82,1,-1,0,-3,1,捕獲,3,聴覚保護,1,加護,-1,,,,,絞蛇竜の甲殻,5,絞蛇竜の牙,4,絞蛇竜の皮,2,竜骨【大】,1
ガララコート,0,2,2,1,2,4,0,10,41,1,-1,1,-3,1,捕獲,2,聴覚保護,1,加護,-1,,,,,絞蛇竜の甲殻,5,絞蛇竜の牙,4,絞蛇竜の皮,2,竜骨【大】,1
ナルガフォールド,0,1,2,3,2,4,0,18,80,-2,1,-3,1,1,,,,,,,,,,,迅竜の黒毛,3,迅竜の尻尾,1,迅竜の鱗,3,キラビートル,6
ナルガコート,0,2,2,3,2,4,0,9,40,-2,1,-2,1,1,,,,,,,,,,,迅竜の黒毛,3,迅竜の尻尾,1,迅竜の鱗,3,キラビートル,6
サージュコイル,0,1,2,1,2,3,0,18,80,0,0,0,0,0,細菌学,3,捕獲,3,底力,-2,,,,,雲羊鹿の毛玉,3,首鳴竜の皮,1,ブヨブヨした皮,2,,
サージュコート,0,2,2,1,2,3,0,9,40,0,0,0,0,0,細菌学,3,捕獲,3,底力,-2,,,,,雲羊鹿の毛玉,3,首鳴竜の皮,1,ブヨブヨした皮,2,,
ヴァイクフォールド,0,1,3,2,3,5,0,20,82,0,3,-2,-1,0,爆弾強化,4,,,,,,,,,ヨロイシダイ,1,上竜骨,1,マカライト鉱石,2,眠魚,5
ヴァイクコート,0,2,3,2,3,5,0,10,41,0,4,-2,-1,0,爆弾強化,4,,,,,,,,,ヨロイシダイ,1,上竜骨,1,マカライト鉱石,2,眠魚,5
ロワーガアンカ,1,1,3,0,3,5,0,20,82,-2,0,3,-2,2,達人,5,気力回復,1,,,,,,,オオクワアゲハ,1,溶岩塊,1,ドスヘラクレス,2,ボンバッタ,10
ロワーガコクサ,1,2,3,0,3,5,0,10,41,-2,0,3,-2,3,達人,4,気力回復,1,,,,,,,オオクワアゲハ,1,溶岩塊,1,ドスヘラクレス,2,ボンバッタ,10
ファルメルアンカ,2,1,3,0,3,5,0,20,82,-2,0,3,-2,2,達人,5,気力回復,1,,,,,,,オオクワアゲハ,1,溶岩塊,1,ドスヘラクレス,2,ボンバッタ,10
ファルメルコクサ,2,2,3,0,3,5,0,10,41,-2,0,3,-2,3,達人,4,気力回復,1,,,,,,,オオクワアゲハ,1,溶岩塊,1,ドスヘラクレス,2,ボンバッタ,10
ガルルガフォールド,0,1,3,1,2,5,0,22,84,2,-1,2,0,0,剣術,2,聴覚保護,1,水耐性,-2,,,,,黒狼鳥の鱗,4,黒狼鳥の甲殻,5,キラビートル,2,竜骨【大】,2
ガルルガコート,0,2,3,1,2,5,0,11,42,3,-1,2,0,0,変則射撃,2,聴覚保護,1,水耐性,-2,,,,,黒狼鳥の鱗,4,黒狼鳥の甲殻,5,キラビートル,2,竜骨【大】,2
ガンキンフォールド,0,1,3,1,3,5,0,26,88,3,-4,0,-1,-2,裂傷,2,抜刀減気,2,,,,,,,爆鎚竜の耐熱殻,2,爆鎚竜の鱗,3,上竜骨,2,赤甲獣の甲殻,3
ガンキンコート,0,2,3,1,3,5,0,13,44,4,-4,0,-1,-2,裂傷,2,散弾強化,2,,,,,,,爆鎚竜の耐熱殻,2,爆鎚竜の鱗,3,上竜骨,2,赤甲獣の甲殻,3
レウスフォールド,0,1,3,2,3,5,0,24,86,4,0,-2,0,-4,攻撃,2,痛撃,2,,,,,,,火竜の翼膜,3,火竜の甲殻,3,竜骨【大】,3,紅蓮石,1
レウスコート,0,2,3,2,3,5,0,12,43,5,0,-2,0,-4,痛撃,2,攻撃,1,,,,,,,火竜の翼膜,3,火竜の甲殻,3,竜骨【大】,3,紅蓮石,1
ラギアフォールド,0,1,3,0,3,5,0,24,86,-3,2,4,-1,-2,気力回復,3,ガード性能,2,特殊攻撃,-2,,,,,海竜の角,1,海竜の背電殻,2,海竜の鱗,4,ドラグライト鉱石,4
ラギアコート,0,2,3,0,3,5,0,12,43,-3,2,5,-1,-2,貫通弾強化,2,気力回復,2,特殊攻撃,-2,,,,,海竜の角,1,海竜の背電殻,2,海竜の鱗,4,ドラグライト鉱石,4
ジンオウフォールド,0,1,3,0,3,6,0,22,84,0,-1,4,-4,1,属性会心,2,本気,2,氷耐性,-2,,,,,雷狼竜の甲殻,3,雷狼竜の帯電毛,2,雷狼竜の尻尾,1,大猪の皮,3
ジンオウコート,0,2,3,0,3,6,0,11,42,0,-1,5,-4,1,属性会心,2,本気,2,氷耐性,-2,,,,,雷狼竜の甲殻,3,雷狼竜の帯電毛,2,雷狼竜の尻尾,1,大猪の皮,3
ミツネフォールド,0,1,3,0,3,5,0,20,82,0,2,-3,1,-1,泡沫,2,腹減り,2,雷耐性,-2,,,,,泡狐竜の尻尾,1,泡狐竜の鱗,3,水袋,3,アルビノエキス,3
ミツネコート,0,2,3,0,3,5,0,10,41,0,2,-2,1,-1,泡沫,2,腹減り,2,雷耐性,-2,,,,,泡狐竜の尻尾,1,泡狐竜の鱗,3,水袋,3,アルビノエキス,3
ゼクスフォールド,0,1,3,0,3,5,0,24,86,0,-2,3,-3,2,気絶,2,連撃,2,氷耐性,-2,,,,,電竜の帯電膜,2,電竜の翼爪,4,圧電甲,4,雷光虫,5
ゼクスコート,0,2,3,0,3,5,0,12,43,0,-2,4,-3,2,気絶,2,連撃,2,氷耐性,-2,,,,,電竜の帯電膜,2,電竜の翼爪,4,圧電甲,4,雷光虫,5
ガムートフォールド,0,1,3,0,3,5,0,26,88,-3,1,-1,3,2,寒冷適応,3,野草知識,2,火耐性,-2,,,,,巨獣の毛,4,巨獣の牙,2,巨獣の赤毛,3,大猪の牙,4
ガムートコート,0,2,3,0,3,5,0,13,44,-3,1,-1,4,2,寒冷適応,2,野草知識,2,火耐性,-2,,,,,巨獣の毛,4,巨獣の牙,2,巨獣の赤毛,3,大猪の牙,4
ディノフォールド,0,1,3,1,3,6,0,24,86,3,-3,1,0,-1,剣術,3,研磨術,1,水耐性,-2,,,,,斬竜の尾刃片,3,斬竜の甲殻,2,斬竜の鱗,3,ドスヘラクレス,3
ディノコート,0,2,3,1,3,6,0,12,43,4,-3,1,0,-1,反動,3,研磨術,1,水耐性,-2,,,,,斬竜の尾刃片,3,斬竜の甲殻,2,斬竜の鱗,3,ドスヘラクレス,3
ゴアフォールド,0,1,3,1,3,6,0,24,86,-2,2,-1,2,-2,狂撃耐性,3,回避性能,1,ガード性能,-2,,,,,黒蝕竜の触角,1,黒蝕竜の暗翼,2,黒蝕竜の甲殻,4,キラビートル,3
ゴアコート,0,2,3,1,3,6,0,12,43,-2,3,-1,2,-2,狂撃耐性,3,回避性能,1,ガード性能,-2,,,,,黒蝕竜の触角,1,黒蝕竜の暗翼,2,黒蝕竜の甲殻,4,キラビートル,3
レギオスフォールド,0,1,3,2,3,6,0,24,86,2,0,-3,-2,0,抜刀会心,2,体術,1,スタミナ,-2,,,,,千刃竜の刃鱗,5,千刃竜の飛刃片,4,千刃竜の翼爪,3,砂竜のヒレ,4
レギオスコート,0,2,3,2,3,6,0,12,43,4,0,-3,-2,0,射法,2,体術,1,スタミナ,-2,,,,,千刃竜の刃鱗,5,千刃竜の飛刃片,4,千刃竜の翼爪,3,砂竜のヒレ,4
レックスフォールド,0,1,3,0,3,6,0,24,86,2,0,-3,0,-2,食事,3,聴覚保護,2,回復量,-2,,,,,轟竜の甲殻,4,轟竜の鱗,4,上竜骨,2,キラビートル,2
レックスコート,0,2,3,0,3,6,0,12,43,4,0,-3,0,-2,食事,3,聴覚保護,2,回復量,-2,,,,,轟竜の甲殻,4,轟竜の鱗,4,上竜骨,2,キラビートル,2
キリンフープ,0,1,3,0,3,6,0,26,88,-1,-1,3,0,2,加護,3,属性攻撃,1,効果持続,-2,,,,,キリンの皮,1,キリンの雷角,2,ゴム質の皮,2,電気袋,3
キリンショルト,0,2,3,0,3,6,0,13,44,-1,-1,4,0,2,加護,2,属性攻撃,1,効果持続,-2,,,,,キリンの皮,1,キリンの雷角,2,ゴム質の皮,2,電気袋,3
ブラキフォールド,0,1,3,0,3,6,0,24,86,2,-4,0,-2,0,闘魂,3,細菌学,1,乗り,-2,,,,,砕竜の黒曜甲,2,砕竜の尻尾,1,砕竜の甲殻,4,カワズの油,2
ブラキコート,0,2,3,0,3,6,0,12,43,2,-3,0,-2,0,闘魂,3,細菌学,1,乗り,-2,,,,,砕竜の黒曜甲,2,砕竜の尻尾,1,砕竜の甲殻,4,カワズの油,2
アークフォールド,1,1,3,2,3,6,0,26,88,-2,2,0,2,-4,無傷,2,匠,1,,,,,,,天廻龍の角,1,天廻龍の虹翼,2,天廻龍の甲殻,4,ライトクリスタル,2
アークコート,1,2,3,1,3,6,0,13,44,-2,2,0,2,-3,無傷,2,,,,,,,,,天廻龍の角,1,天廻龍の虹翼,2,天廻龍の甲殻,4,ライトクリスタル,2
フィリアフォールド,2,1,3,2,3,6,0,26,88,-2,2,0,2,-4,無傷,2,匠,1,,,,,,,天廻龍の角,1,天廻龍の虹翼,2,天廻龍の甲殻,4,ライトクリスタル,2
フィリアコート,2,2,3,1,3,6,0,13,44,-2,2,0,2,-3,無傷,2,,,,,,,,,天廻龍の角,1,天廻龍の虹翼,2,天廻龍の甲殻,4,ライトクリスタル,2
クシャナアンダ,0,1,3,0,3,99,0,26,88,-1,2,-2,3,-3,重撃,3,耐暑,1,,,,,,,鋼龍の翼膜,1,鋼龍の爪,2,鋼龍の尻尾,1,紅蓮石,1
クシャナアドミ,0,2,3,0,3,99,0,13,44,-1,2,-2,5,-3,重撃,3,耐暑,1,,,,,,,鋼龍の翼膜,1,鋼龍の爪,2,鋼龍の尻尾,1,紅蓮石,1
ミヅハ【丸帯】,0,1,3,1,3,99,0,26,88,-5,1,0,2,-3,風圧,3,聴覚保護,2,,,,,,,霞龍の尻尾,1,霞龍の皮,2,霞龍の爪,2,ライトクリスタル,1
トヨタマ【丸帯】,0,2,3,1,3,99,0,13,44,-4,1,0,2,-3,聴覚保護,2,風圧,2,,,,,,,霞龍の尻尾,1,霞龍の皮,2,霞龍の爪,2,ライトクリスタル,1
カイザーフォールド,0,1,3,1,3,99,0,26,88,4,-4,1,-1,-3,毒,2,炎熱適応,2,,,,,,,炎王龍のたてがみ,1,炎の龍鱗,3,炎王龍の尻尾,1,古龍の血,1
カイザーコート,0,2,3,1,3,99,0,13,44,4,-3,1,-1,-3,毒,2,炎熱適応,2,,,,,,,炎王龍のたてがみ,1,炎の龍鱗,3,炎王龍の尻尾,1,古龍の血,1
骸装甲【腰骨】,0,1,3,1,3,99,0,26,88,-1,-1,-1,-1,-2,逆境,2,逆上,2,,,,,,,骸棘殻,3,骸頭骨,2,発光する粘液,1,竜骨【大】,4
屍装甲【腰骨】,0,2,3,1,3,99,0,13,44,-1,-1,-1,-1,-1,逆境,2,逆上,2,,,,,,,骸棘殻,3,骸頭骨,2,発光する粘液,1,竜骨【大】,4
ブラックスパイン,0,1,3,0,99,5,0,24,86,2,2,2,2,-5,属性耐性,3,溜め短縮,2,,,,,,,黒い塊,1,黒いかけら,3,いにしえの秘薬,1,龍殺しの実,3
ブラックスケイル,0,2,3,0,99,5,0,12,43,2,2,2,2,-4,属性耐性,3,溜め短縮,2,,,,,,,黒い塊,1,黒いかけら,3,いにしえの秘薬,1,龍殺しの実,3
クロオビフォールド,0,1,3,0,3,5,0,22,84,1,1,1,1,1,会心強化,2,運気,-1,,,,,,,クロオビチケット,1,ガララコイン,2,上竜骨,1,,
クロオビコート,0,2,3,0,3,5,0,11,42,1,1,1,1,2,会心強化,2,運気,-1,,,,,,,クロオビチケット,1,ガララコイン,2,上竜骨,1,,
ギルドバードコイル,1,1,3,1,3,5,0,20,82,0,0,0,0,0,号令,2,運気,2,気まぐれ,-2,,,,,龍歴院チケット,1,溶岩塊,2,ドラグライト鉱石,3,,
ギルドバードコート,1,2,3,1,3,5,0,10,41,0,0,0,0,0,号令,2,運気,2,気まぐれ,-2,,,,,龍歴院チケット,1,溶岩塊,2,ドラグライト鉱石,3,,
メイドスカート,2,1,3,1,99,3,0,20,82,0,0,0,0,0,采配,2,運気,2,気まぐれ,-2,,,,,ココットチケット,1,ランポスの大皮,5,暖かい毛皮,4,,
プライベートフリル,2,2,3,1,99,3,0,10,41,0,0,0,0,0,采配,2,運気,2,気まぐれ,-2,,,,,ココットチケット,1,ランポスの大皮,5,暖かい毛皮,4,,
ヘルパースカート,2,1,3,1,99,3,0,20,82,0,0,0,0,0,広域,3,回復量,1,回復速度,-1,,,,,ポッケチケット,1,ライトクリスタル,2,迅竜の黒毛,3,,
ヒーラーフリル,2,2,3,1,99,3,0,10,41,0,0,0,0,0,回復量,2,広域,2,気配,-1,,,,,ポッケチケット,1,ライトクリスタル,2,迅竜の黒毛,3,,
撫子【四垂】,2,1,3,1,99,2,0,20,82,0,0,0,0,0,千里眼,2,観察眼,2,,,,,,,ユクモチケット,1,ユクモの木,2,赤甲獣の蛇腹甲,4,,
桔梗【四垂】,2,2,3,1,99,2,0,10,41,0,0,0,0,0,千里眼,2,観察眼,2,,,,,,,ユクモチケット,1,ユクモの木,2,赤甲獣の蛇腹甲,4,,
グルニャンサロン,0,1,3,0,99,6,0,22,84,1,1,1,1,1,研ぎ師,3,回復量,3,,,,,,,希望の証,1,ビストロチケット,1,交易チケット,1,暖かい毛皮,3
グルニャンエプロン,0,2,3,0,99,6,0,11,42,1,1,1,1,1,弾薬節約,3,回復量,2,,,,,,,希望の証,1,ビストロチケット,1,交易チケット,1,暖かい毛皮,3
レザーＳフォールド,0,1,4,2,4,99,0,24,86,0,0,0,0,0,採取,2,気まぐれ,1,,,,,,,上質な毛皮,1,竜骨【大】,3,カブレライト鉱石,1,,
レザーＳコート,0,2,4,2,4,99,0,12,74,0,1,1,0,0,採取,2,気まぐれ,1,,,,,,,上質な毛皮,1,竜骨【大】,3,カブレライト鉱石,1,,
チェーンＳフォールド,0,1,4,1,4,99,0,24,86,0,0,1,0,0,節食,3,,,,,,,,,カブレライト鉱石,1,ドラグライト鉱石,1,大地の結晶,2,ドスヘラクレス,2
チェーンＳコート,0,2,4,1,4,99,0,12,74,0,0,1,1,0,節食,3,,,,,,,,,カブレライト鉱石,1,ドラグライト鉱石,1,大地の結晶,2,ドスヘラクレス,2
ベルダーＳベルト,0,1,4,1,4,99,0,26,88,0,1,0,0,0,笛,6,広域,1,,,,,,,上質な毛皮,1,ベルナチケット,1,雲羊鹿の毛玉,5,,
ベルダーＳコート,0,2,4,1,4,99,0,13,44,0,2,0,0,0,笛,6,広域,1,,,,,,,上質な毛皮,1,ベルナチケット,1,雲羊鹿の毛玉,5,,
ハントＳフォールド,0,1,4,1,4,99,0,26,88,1,0,0,0,0,高速設置,3,爆弾強化,2,,,,,,,カブレライト鉱石,2,ココットチケット,1,上質な毛皮,5,モンスターの体液,5
ハントＳコート,0,2,4,1,4,99,0,13,44,2,0,0,0,0,高速設置,3,爆弾強化,2,,,,,,,カブレライト鉱石,2,ココットチケット,1,上質な毛皮,5,モンスターの体液,5
マフモフＳコイル,0,1,4,1,4,99,0,26,88,-1,0,0,2,0,溜め短縮,3,耐寒,2,,,,,,,上質な毛皮,2,ポッケチケット,1,ファンゴの上毛皮,3,,
マフモフＳコート,0,2,4,1,4,99,0,13,44,-1,0,0,4,0,耐寒,2,溜め短縮,2,,,,,,,上質な毛皮,2,ポッケチケット,1,ファンゴの上毛皮,3,,
ユクモノオビ・天,0,1,4,2,4,99,0,26,88,0,0,1,0,0,回避性能,2,達人,1,,,,,,,ユクモの堅木,1,ユクモチケット,1,カブレライト鉱石,2,,
ユクモノオビ・地,0,2,4,2,4,99,0,13,44,0,0,2,0,0,回避性能,2,達人,1,,,,,,,ユクモの堅木,1,ユクモチケット,1,カブレライト鉱石,2,,
ロックラックＳコイル,0,0,4,1,4,99,0,15,46,1,0,0,0,2,耐暑,4,運搬,3,,,,,,,上質な腹袋,2,ジャギィの上鱗,3,甲虫の大顎,3,,
ハンターＳフォールド,0,1,4,1,4,99,0,26,88,0,0,0,0,0,狩人,6,捕獲,2,,,,,,,カブレライト鉱石,3,ファンゴの上毛皮,4,ファンゴの毛皮,5,ドラグライト鉱石,5
ハンターＳコート,0,2,4,1,4,99,0,13,44,0,0,0,0,0,狩人,6,捕獲,2,,,,,,,カブレライト鉱石,3,ファンゴの上毛皮,4,ファンゴの毛皮,5,ドラグライト鉱石,5
ハンターＲフォールド,0,1,4,1,6,99,0,22,84,0,0,0,0,0,観察眼,3,,,,,,,,,獰猛化エキス,1,巨獣の剛毛,5,マカライト鉱石,15,獰猛化素材(上位pts),5
ハンターＲコート,0,2,4,1,6,99,0,11,42,0,0,0,0,0,観察眼,3,,,,,,,,,獰猛化エキス,1,巨獣の剛毛,5,マカライト鉱石,15,獰猛化素材(上位pts),5
ボーンＳフォールド,0,1,4,2,4,99,0,30,92,0,0,0,-1,0,鈍器,2,KO,2,攻撃,-1,,,,,堅牢な骨,1,竜骨【中】,2,なぞの骨,10,,
ボーンＳコート,0,2,4,2,4,99,0,15,46,0,0,0,-1,0,変則射撃,2,KO,2,攻撃,-1,,,,,堅牢な骨,1,竜骨【中】,2,なぞの骨,10,,
スキンライトＳベルト,0,0,4,0,4,99,0,15,46,0,0,0,0,0,睡眠,10,,,,,,,,,上質な毛皮,2,カワズの殿油,2,,,,
アイアンＳベルト,0,0,4,0,4,99,0,16,47,0,0,3,0,0,対防御DOWN,10,,,,,,,,,カブレライト鉱石,2,上質な毛皮,3,盾虫の堅殻,3,,
メルホアＳオッハ,0,1,4,3,4,99,0,32,94,0,1,1,0,0,採取,2,,,,,,,,,王族カナブン,4,ドスビスカス,2,ネムリ草,10,いにしえの秘薬,1
メルホアＳブラット,0,2,4,3,4,99,0,16,47,0,1,1,0,0,採取,1,,,,,,,,,王族カナブン,4,ドスビスカス,2,ネムリ草,10,いにしえの秘薬,1
メルホアＵオッハ,0,1,4,3,4,99,0,28,90,0,1,1,0,0,耐寒,1,気まぐれ,1,,,,,,,ノヴァクリスタル,1,ドスビスカス,2,ネムリ草,10,いにしえの秘薬,1
メルホアＵブラット,0,2,4,3,4,99,0,14,45,0,1,1,0,0,耐寒,1,気まぐれ,1,,,,,,,ノヴァクリスタル,1,ドスビスカス,2,ネムリ草,10,いにしえの秘薬,1
マカルパＳコイル,0,1,4,1,4,99,0,36,98,1,2,-2,0,0,調合成功率,4,調合数,2,,,,,,,砂竜の上鱗,8,春夜鯉,2,小金魚,4,調合書②初級編,1
マカルパＳナジュワ,0,2,4,1,4,99,0,18,49,1,3,-2,0,0,調合成功率,3,調合数,2,,,,,,,砂竜の上鱗,8,春夜鯉,2,小金魚,4,調合書②初級編,1
マカルパＵコイル,0,1,4,1,5,99,0,32,94,1,2,-2,0,0,調合成功率,4,効果持続,2,,,,,,,水竜の上鱗,8,春夜鯉,2,小金魚,4,調合書③中級編,1
マカルパＵナジュワ,0,2,4,1,5,99,0,16,47,1,3,-2,0,0,調合成功率,3,効果持続,2,,,,,,,水竜の上鱗,8,春夜鯉,2,小金魚,4,調合書③中級編,1
ビストロＳサロン,0,1,4,1,4,99,0,34,96,3,1,0,2,0,食事,2,肉食,2,回復量,-1,,,,,白兎獣の剛毛,3,ビストロチケット,2,水生獣の上皮,4,氷結晶イチゴ,5
ビストロＳエプロン,0,2,4,1,4,99,0,17,48,4,1,0,3,0,食事,2,肉食,2,回復量,-1,,,,,白兎獣の剛毛,3,ビストロチケット,2,水生獣の上皮,4,氷結晶イチゴ,5
マギュルＳオッハ,0,1,4,2,4,99,0,36,98,-3,1,0,2,0,火属性攻撃,5,,,,,,,,,王族カナブン,4,ペピポパンプキン,2,飛甲虫の堅殻,4,交易チケット,1
マギュルＳブラット,0,2,4,2,4,99,0,18,49,-3,2,0,3,0,火属性攻撃,4,,,,,,,,,王族カナブン,4,ペピポパンプキン,2,飛甲虫の堅殻,4,交易チケット,1
エーデルＳオッハ,0,1,4,1,4,99,0,34,96,-1,3,-1,0,0,広域,4,気配,-1,,,,,,,大水袋,2,星見の花,2,ベルナチケット,1,ユクモの堅木,2
エーデルＳブラット,0,2,4,1,4,99,0,17,48,-1,4,-1,0,0,広域,4,気配,-1,,,,,,,大水袋,2,星見の花,2,ベルナチケット,1,ユクモの堅木,2
ムーファＳコイル,0,1,4,0,4,99,0,32,94,-1,0,2,3,0,雷属性攻撃,4,耐寒,3,,,,,,,上質な毛皮,2,雲羊鹿の毛玉,5,雲羊鹿の角,4,水獣の鋭爪,2
ムーファＳコート,0,2,4,0,4,99,0,16,47,-1,0,3,4,0,雷属性攻撃,4,耐寒,2,,,,,,,上質な毛皮,2,雲羊鹿の毛玉,5,雲羊鹿の角,4,水獣の鋭爪,2
ガブラスーツＳベルト,0,1,4,1,5,99,0,20,82,1,1,1,1,2,運気,2,腹減り,-2,,,,,,,翼蛇竜の上皮,3,縞模様の皮,5,獄炎石,2,カワズの殿油,2
ガブラスーツＳバンド,0,2,4,1,5,99,0,10,41,1,1,1,1,3,運気,2,腹減り,-2,,,,,,,翼蛇竜の上皮,3,縞模様の皮,5,獄炎石,2,カワズの殿油,2
モスＳヒップ,0,0,4,2,4,99,0,19,50,0,0,0,0,0,茸食,1,,,,,,,,,ファンゴの上毛皮,4,モスの苔皮,2,大猪の硬い皮,1,マカライト鉱石,3
リノプロＳコイル,0,1,4,1,4,99,0,32,94,2,0,0,-2,0,砲術,2,水属性攻撃,1,,,,,,,草食竜の堅殻,1,草食竜の頭殻,1,氷結晶,3,,
リノプロＳコート,0,2,4,1,4,99,0,16,47,3,0,0,-2,0,砲術,2,水属性攻撃,1,,,,,,,草食竜の堅殻,1,草食竜の頭殻,1,氷結晶,3,,
ジャギィＳフォールド,0,1,4,1,4,99,0,28,90,-2,0,0,0,0,攻撃,4,防御,-1,,,,,,,ジャギィの上鱗,4,上質な鳥竜骨,4,ゲネポスの上鱗,3,ドラグライト鉱石,4
ジャギィＳコート,0,2,4,1,4,99,0,14,45,-2,0,0,0,0,攻撃,4,防御,-1,,,,,,,ジャギィの上鱗,4,上質な鳥竜骨,4,ゲネポスの上鱗,3,ドラグライト鉱石,4
ドロスＳフォールド,0,1,4,2,4,99,0,28,90,-2,4,-1,0,0,体術,2,節食,2,,,,,,,水生獣の上皮,4,上質な鳥竜骨,3,上質な毛皮,2,海綿質の皮,3
ドロスＳコート,0,2,4,2,4,99,0,14,45,-2,5,-1,0,0,体術,2,節食,2,,,,,,,水生獣の上皮,4,上質な鳥竜骨,3,上質な毛皮,2,海綿質の皮,3
コトルＳフォールド,0,1,4,1,5,99,0,30,92,4,-2,0,-1,0,ガード強化,4,,,,,,,,,溶岩獣の上鱗,3,溶岩獣の鱗,8,カブレライト鉱石,3,マレコガネ,2
コトルＳコート,0,2,4,1,5,99,0,15,46,5,-2,0,-1,0,変則射撃,4,,,,,,,,,溶岩獣の上鱗,3,溶岩獣の鱗,8,カブレライト鉱石,3,マレコガネ,2
マッカォＳフォールド,0,1,4,1,4,99,0,30,92,-2,0,0,0,0,KO,2,,,,,,,,,マッカォの上鱗,4,跳狗竜の鱗,4,上質な鳥竜骨,4,ドラグライト鉱石,5
マッカォＳコート,0,2,4,1,4,99,0,15,46,-2,1,1,1,1,KO,2,,,,,,,,,マッカォの上鱗,4,跳狗竜の鱗,4,上質な鳥竜骨,4,ドラグライト鉱石,5
ランポスＳフォールド,0,1,4,2,4,99,0,30,92,0,0,0,-2,0,水属性攻撃,4,気絶,1,麻痺,-1,,,,,ランポスの上鱗,4,ランポスの上皮,5,大地の結晶,6,王族カナブン,4
ランポスＳコート,0,2,4,2,4,99,0,15,46,0,1,1,-2,0,水属性攻撃,4,気絶,1,麻痺,-1,,,,,ランポスの上鱗,4,ランポスの上皮,5,大地の結晶,6,王族カナブン,4
ギアノスＳフォールド,0,1,4,1,4,99,0,30,92,0,0,-1,2,0,だるま,5,睡眠,-4,,,,,,,ギアノスの上皮,4,ギアノスの上鱗,4,黒狼鳥の甲殻,2,ドラグライト鉱石,4
ギアノスＳコート,0,2,4,1,4,99,0,15,46,0,0,-1,3,0,だるま,4,睡眠,-4,,,,,,,ギアノスの上皮,4,ギアノスの上鱗,4,黒狼鳥の甲殻,2,ドラグライト鉱石,4
ゲネポスＳフォールド,0,1,4,2,4,99,0,32,94,0,0,1,-2,0,麻痺,2,雷属性攻撃,1,毒,-2,,,,,ゲネポスの上鱗,4,ゲネポスの上皮,4,強力麻痺袋,2,ドスヘラクレス,3
ゲネポスＳコート,0,2,4,2,4,99,0,16,47,1,0,2,-2,0,麻痺,1,雷属性攻撃,1,毒,-2,,,,,ゲネポスの上鱗,4,ゲネポスの上皮,4,強力麻痺袋,2,ドスヘラクレス,3
EXゲネポスフォールド,0,1,4,1,5,99,0,36,98,0,0,1,-2,0,攻撃,2,特殊攻撃,2,属性攻撃,-2,,,,,虹色鉱石,1,ゲネポスの大尖牙,4,強力麻痺袋,3,マレコガネ,3
EXゲネポスコート,0,2,4,1,5,99,0,18,49,1,0,2,-2,0,攻撃,2,特殊攻撃,2,属性攻撃,-2,,,,,虹色鉱石,1,ゲネポスの大尖牙,4,強力麻痺袋,3,マレコガネ,3
イーオスＳフォールド,0,1,4,1,5,99,0,34,96,2,-1,-1,0,0,観察眼,2,毒,1,気絶,-1,,,,,イーオスの大上皮,3,イーオスの上紫鱗,2,ドラグライト鉱石,6,猛毒袋,2
イーオスＳコート,0,2,4,1,5,99,0,17,48,3,-1,-1,0,0,毒,1,観察眼,1,気絶,-1,,,,,イーオスの大上皮,3,イーオスの上紫鱗,2,ドラグライト鉱石,6,猛毒袋,2
EXイーオスフォールド,0,1,4,0,5,99,0,38,100,2,-1,-1,0,0,火耐性,3,根性,2,調合成功率,-2,,,,,虹色鉱石,1,イーオスの上紫鱗,4,猛毒袋,3,ゴム質の上皮,2
EXイーオスコート,0,2,4,0,5,99,0,19,50,3,-1,-1,0,0,火耐性,2,根性,2,調合成功率,-2,,,,,虹色鉱石,1,イーオスの上紫鱗,4,猛毒袋,3,ゴム質の上皮,2
ランゴＳフォールド,0,1,4,1,4,99,0,32,94,-2,1,1,1,2,納刀,5,,,,,,,,,ランゴスタの薄羽,3,ランゴスタの堅殻,3,ランゴスタの甲殻,4,王族カナブン,2
ランゴＳコート,0,2,4,1,4,99,0,16,47,-2,2,2,2,3,納刀,5,,,,,,,,,ランゴスタの薄羽,3,ランゴスタの堅殻,3,ランゴスタの甲殻,4,王族カナブン,2
EXランゴフォールド,0,1,4,0,5,99,0,36,98,-2,1,1,1,2,剣術,2,回避距離,2,体力,-2,,,,,虹色鉱石,1,ランゴスタの堅殻,4,飛甲虫の堅殻,5,獄炎石,2
EXランゴコート,0,2,4,0,5,99,0,18,49,-2,2,2,2,3,散弾強化,2,回避距離,2,体力,-2,,,,,虹色鉱石,1,ランゴスタの堅殻,4,飛甲虫の堅殻,5,獄炎石,2
タロスＳフォールド,0,1,4,1,4,99,0,36,98,-1,-1,-1,-1,4,龍耐性,4,,,,,,,,,カンタロスの薄羽,3,カンタロスの堅殻,3,カンタロスの甲殻,4,王族カナブン,2
タロスＳコート,0,2,4,1,4,99,0,18,49,-1,-1,-1,-1,6,龍耐性,4,,,,,,,,,カンタロスの薄羽,3,カンタロスの堅殻,3,カンタロスの甲殻,4,王族カナブン,2
EXタロスフォールド,0,1,4,1,5,99,0,40,102,-1,-1,-1,-1,4,龍属性攻撃,2,ガード性能,2,体術,-2,,,,,虹色鉱石,1,カンタロスの堅殻,4,飛甲虫の堅殻,5,獄炎石,2
EXタロスコート,0,2,4,1,5,99,0,20,51,-1,-1,-1,-1,6,龍属性攻撃,2,精密射撃,2,体術,-2,,,,,虹色鉱石,1,カンタロスの堅殻,4,飛甲虫の堅殻,5,獄炎石,2
タロスＲフォールド,0,1,4,0,6,99,0,32,94,-1,-1,-1,-1,4,龍耐性,2,窮地,2,,,,,,,獰猛な爪,1,カンタロスの堅殻,7,カンタロスの羽,15,獰猛化素材(上位pts),8
タロスＲコート,0,2,4,0,6,99,0,16,47,-1,-1,-1,-1,6,龍耐性,2,窮地,2,,,,,,,獰猛な爪,1,カンタロスの堅殻,7,カンタロスの羽,15,獰猛化素材(上位pts),8
ブナハＳコイル,0,1,4,1,4,99,0,32,94,-2,0,0,0,2,特殊攻撃,4,火耐性,-2,,,,,,,飛甲虫の堅殻,2,飛甲虫の羽,4,モンスターの濃汁,1,王族カナブン,2
ブナハＳコート,0,2,4,1,4,99,0,16,47,-2,1,1,1,3,特殊攻撃,4,火耐性,-2,,,,,,,飛甲虫の堅殻,2,飛甲虫の羽,4,モンスターの濃汁,1,王族カナブン,2
ファンゴＳフォールド,0,1,4,1,4,99,0,36,98,0,2,-2,1,0,底力,3,攻撃,1,加護,-3,,,,,大猪の硬い皮,4,堅牢な骨,4,大猪の牙,4,奇猿狐の剛毛,2
ファンゴＳコート,0,2,4,1,4,99,0,18,49,0,3,-2,1,0,底力,3,攻撃,1,加護,-3,,,,,大猪の硬い皮,4,堅牢な骨,4,大猪の牙,4,奇猿狐の剛毛,2
アシラＳフォールド,0,1,4,3,4,99,0,38,100,-2,0,-2,0,0,,,,,,,,,,,青熊獣の剛毛,5,堅牢な骨,2,青熊獣の甲殻,3,ドスヘラクレス,3
アシラＳコート,0,2,4,3,4,99,0,19,50,-2,0,-2,0,0,,,,,,,,,,,青熊獣の剛毛,5,堅牢な骨,2,青熊獣の甲殻,3,ドスヘラクレス,3
ガレオスＳフォールド,0,1,4,0,4,99,0,42,104,2,0,0,-3,0,耐暑,5,火耐性,5,,,,,,,砂竜の上鱗,5,砂竜の鋭牙,3,ドラグライト鉱石,8,カブレライト鉱石,5
ガレオスＳコート,0,2,4,0,4,99,0,21,52,2,0,0,-3,0,耐暑,5,火耐性,5,,,,,,,砂竜の上鱗,5,砂竜の鋭牙,3,ドラグライト鉱石,8,カブレライト鉱石,5
EXガレオスフォールド,0,1,4,0,5,99,0,46,108,2,0,0,-3,0,水属性攻撃,3,睡眠,2,耐震,2,,,,,虹色鉱石,1,砂竜の上ヒレ,4,古代魚,1,鉄鉱石,15
EXガレオスコート,0,2,4,0,5,99,0,23,54,2,0,0,-3,0,水属性攻撃,3,睡眠,2,耐震,2,,,,,虹色鉱石,1,砂竜の上ヒレ,4,古代魚,1,鉄鉱石,15
クックＳフォールド,0,1,4,0,4,99,0,44,106,3,-1,0,-3,0,火属性攻撃,3,攻撃,2,防御,-2,,,,,怪鳥の上鱗,2,怪鳥の堅殻,3,堅牢な骨,3,,
クックＳコート,0,2,4,0,4,99,0,22,53,4,-1,0,-3,0,攻撃,2,火属性攻撃,2,防御,-2,,,,,怪鳥の上鱗,2,怪鳥の堅殻,3,堅牢な骨,3,,
ケチャフォールド,0,1,4,1,4,99,0,44,106,-2,2,-1,0,1,体術,3,気力回復,2,スタミナ,-2,,,,,奇猿狐の大耳,1,奇猿狐の剛毛,4,堅牢な骨,2,キラビートル,2
ケチャコート,0,2,4,1,4,99,0,22,53,-2,3,-1,0,1,体術,3,気力回復,2,スタミナ,-2,,,,,奇猿狐の大耳,1,奇猿狐の剛毛,4,堅牢な骨,2,キラビートル,2
ウルクＳフォールド,0,1,4,1,4,99,0,40,102,-3,1,0,3,0,回避性能,3,体力,-2,,,,,,,白兎獣の剛毛,3,白兎獣の凍爪,2,堅牢な骨,3,ドスヘラクレス,8
ウルクＳコート,0,2,4,1,4,99,0,20,51,-3,1,0,4,0,回避性能,3,体力,-2,,,,,,,白兎獣の剛毛,3,白兎獣の凍爪,2,堅牢な骨,3,ドスヘラクレス,8
ゲリョスＳフォールド,0,1,4,1,4,99,0,46,108,-3,1,4,-1,0,毒,3,スタミナ,3,腹減り,-3,,,,,毒怪鳥の翼,3,猛毒袋,4,大地の結晶,5,カブレライト鉱石,4
ゲリョスＳコート,0,2,4,1,4,99,0,23,54,-3,1,5,-1,0,毒,3,スタミナ,3,腹減り,-3,,,,,毒怪鳥の翼,3,猛毒袋,4,大地の結晶,5,カブレライト鉱石,4
ゲリョスＲフォールド,0,1,4,0,6,99,0,42,104,-3,1,4,-1,0,気絶,4,麻痺,-3,,,,,,,獰猛化毒怪鳥皮,1,毒怪鳥の翼,4,猛毒袋,5,毒怪鳥素材(pts),8
ゲリョスＲコート,0,2,4,0,6,99,0,21,52,-3,1,5,-1,0,気絶,4,麻痺,-3,,,,,,,獰猛化毒怪鳥皮,1,毒怪鳥の翼,4,猛毒袋,5,毒怪鳥素材(pts),8
カブラＳフォールド,0,1,4,2,4,99,0,46,108,2,-3,-1,0,1,耐震,3,睡眠,-3,,,,,,,鬼蛙の上鱗,4,草食竜の堅殻,3,堅牢な骨,2,怪力の種,9
カブラＳコート,0,2,4,2,4,99,0,23,54,3,-3,-1,0,1,耐震,3,睡眠,-3,,,,,,,鬼蛙の上鱗,4,草食竜の堅殻,3,堅牢な骨,2,怪力の種,9
ザザミＳフォールド,0,1,4,0,4,99,0,48,110,-1,3,-3,0,1,ガード性能,4,体術,-3,,,,,,,盾蟹の堅殻,3,盾蟹の甲殻,4,とがった爪,4,堅牢な骨,3
ザザミＳコート,0,2,4,0,4,99,0,24,55,-1,4,-3,0,1,反動,4,装填速度,-3,,,,,,,盾蟹の堅殻,3,盾蟹の甲殻,4,とがった爪,4,堅牢な骨,3
EXザザミフォールド,0,1,4,0,7,99,0,52,114,-1,3,-3,0,1,ガード強化,4,窮地,1,スタミナ,-3,,,,,七色たんぽぽ,1,盾蟹の堅殻,4,とがった爪,4,堅牢な骨,3
EXザザミコート,0,2,4,0,7,99,0,26,57,-1,4,-3,0,1,強撃瓶追加,4,窮地,1,達人,-3,,,,,七色たんぽぽ,1,盾蟹の堅殻,4,とがった爪,4,堅牢な骨,3
ザザミＲフォールド,0,1,4,0,8,6,1,44,106,-1,3,-3,0,1,ガード性能,6,体術,-5,,,,,,,獰猛化盾蟹殻,1,盾蟹の堅殻,5,尖竜骨,3,盾蟹素材(pts),8
ザザミＲコート,0,2,4,0,8,6,1,22,53,-1,4,-3,0,1,反動,6,装填速度,-5,,,,,,,獰猛化盾蟹殻,1,盾蟹の堅殻,5,尖竜骨,3,盾蟹素材(pts),8
ラングロＳフォールド,0,1,4,2,5,99,0,46,108,2,-3,0,-1,1,細菌学,4,気力回復,-2,,,,,,,赤甲獣の堅殻,3,赤甲獣の蛇腹甲,4,モンスターの濃汁,3,紅蓮石,2
ラングロＳコート,0,2,4,2,5,99,0,23,54,3,-3,0,-1,1,細菌学,3,気力回復,-2,,,,,,,赤甲獣の堅殻,3,赤甲獣の蛇腹甲,4,モンスターの濃汁,3,紅蓮石,2
ルドロスＳフォールド,0,1,4,1,4,99,0,46,108,-3,4,-1,0,0,気力回復,4,回避性能,-3,,,,,,,水獣の上鱗,4,水生獣の上皮,4,未熟な海綿質,6,王族カナブン,2
ルドロスＳコート,0,2,4,1,4,99,0,23,54,-3,5,-1,0,0,気力回復,4,回避性能,-3,,,,,,,水獣の上鱗,4,水生獣の上皮,4,未熟な海綿質,6,王族カナブン,2
ルドロスＲフォールド,0,1,4,0,6,99,0,42,104,-3,4,-1,0,0,スタミナ,5,腹減り,-5,,,,,,,獰猛化水獣鱗,1,水獣の上鱗,5,高級なトサカ,3,水獣素材(pts),8
ルドロスＲコート,0,2,4,0,6,99,0,21,52,-3,5,-1,0,0,スタミナ,5,腹減り,-5,,,,,,,獰猛化水獣鱗,1,水獣の上鱗,5,高級なトサカ,3,水獣素材(pts),8
エコールスカート,2,1,4,0,4,99,0,44,106,0,0,0,0,0,狂撃耐性,3,千里眼,1,食事,-2,,,,,ベルナチケット,1,上質な毛皮,2,黒蝕竜の鱗,4,奇猿狐の剛毛,3
エコールフリル,2,2,4,0,4,99,0,22,53,0,0,0,0,0,狂撃耐性,3,千里眼,1,食事,-2,,,,,ベルナチケット,1,上質な毛皮,2,黒蝕竜の鱗,4,奇猿狐の剛毛,3
アロイＳコイル,0,1,5,2,5,99,0,40,102,-1,0,-1,-1,0,風圧,3,達人,1,,,,,,,ユニオン鉱石,2,カブレライト鉱石,2,ドラグライト鉱石,5,ベアライト石,5
アロイＳコート,0,2,5,2,5,99,0,20,51,-1,0,-1,-1,0,風圧,3,達人,1,,,,,,,ユニオン鉱石,2,カブレライト鉱石,2,ドラグライト鉱石,5,ベアライト石,5
アロイＲコイル,0,1,5,0,6,99,0,36,98,-1,0,-1,-1,0,達人,6,,,,,,,,,獰猛化狩猟の証Ⅰ,1,ユニオン鉱石,5,化け鮫の上鱗,6,獰猛化素材(上位pts),5
アロイＲコート,0,2,5,0,6,99,0,18,49,-1,0,-1,-1,0,達人,5,,,,,,,,,獰猛化狩猟の証Ⅰ,1,ユニオン鉱石,5,化け鮫の上鱗,6,獰猛化素材(上位pts),5
バトルＳフォールド,0,1,5,0,5,99,0,44,106,1,-1,-1,0,0,ガード性能,4,盗み無効,3,攻撃,2,,,,,ユニオン鉱石,3,翼蛇竜の上皮,3,ランポスの上皮,5,上竜骨,2
バトルＳコート,0,2,5,0,5,99,0,22,53,2,-1,-1,0,0,反動,4,盗み無効,3,攻撃,1,,,,,ユニオン鉱石,3,翼蛇竜の上皮,3,ランポスの上皮,5,上竜骨,2
インゴットＳコイル,0,1,5,3,5,99,0,48,110,-1,-1,1,0,0,風圧,1,氷属性攻撃,1,運気,-1,,,,,獄炎石,1,カブレライト鉱石,3,溶岩塊,3,氷結晶,20
インゴットＳコート,0,2,5,3,5,99,0,24,55,-1,-1,2,0,0,風圧,1,氷属性攻撃,1,運気,-1,,,,,獄炎石,1,カブレライト鉱石,3,溶岩塊,3,氷結晶,20
インゴットＲコイル,0,1,5,0,6,99,0,44,106,-1,-1,1,0,0,風圧,5,運気,-2,,,,,,,獰猛な体液,1,獄炎石,4,尾槌竜のコブ,3,獰猛化素材(上位pts),5
インゴットＲコート,0,2,5,0,6,99,0,22,53,-1,-1,2,0,0,風圧,5,運気,-2,,,,,,,獰猛な体液,1,獄炎石,4,尾槌竜のコブ,3,獰猛化素材(上位pts),5
ハイメタＳフォールド,0,1,5,2,5,99,0,46,108,0,-1,2,-1,0,聴覚保護,2,雷耐性,1,加護,-1,,,,,ユニオン鉱石,5,ノヴァクリスタル,1,マカライト鉱石,15,超電雷光虫,3
ハイメタＳコート,0,2,5,2,5,99,0,23,54,0,-1,3,-1,0,聴覚保護,2,雷耐性,1,加護,-1,,,,,ユニオン鉱石,5,ノヴァクリスタル,1,マカライト鉱石,15,超電雷光虫,3
ハイメタＵフォールド,0,1,5,0,5,99,0,42,104,0,-1,2,-1,0,抜刀会心,5,達人,-4,,,,,,,溶岩竜の上鱗,3,カブレライト鉱石,2,マカライト鉱石,10,赤甲獣の堅殻,4
ハイメタＵコート,0,2,5,0,5,99,0,21,52,0,-1,3,-1,0,重撃弾強化,5,達人,-4,,,,,,,溶岩竜の上鱗,3,カブレライト鉱石,2,マカライト鉱石,10,赤甲獣の堅殻,4
Ｋ・ロブスタコイル,0,1,5,0,5,99,0,48,110,-1,4,-1,-1,-1,泡沫,2,節食,2,雷耐性,-3,,,,,エビの大殻,1,エビの小殻,3,水竜の上ヒレ,2,溶岩竜の堅殻,4
Ｋ・ロブスタコート,0,2,5,0,5,99,0,24,55,-1,5,-1,-1,-1,泡沫,2,節食,1,雷耐性,-3,,,,,エビの大殻,1,エビの小殻,3,水竜の上ヒレ,2,溶岩竜の堅殻,4
オウビートＳアンカ,1,1,5,0,5,99,0,50,112,2,-2,2,-2,3,体術,3,スタミナ,-1,,,,,,,マレコガネ,2,オオツノアゲハ,3,ドスヘラクレス,5,電撃袋,2
オウビートＳコクサ,1,2,5,0,5,99,0,25,56,3,-2,2,-2,4,体術,3,スタミナ,-1,,,,,,,マレコガネ,2,オオツノアゲハ,3,ドスヘラクレス,5,電撃袋,2
パピメルＳアンカ,2,1,5,0,5,99,0,50,112,2,-2,2,-2,3,体術,3,スタミナ,-1,,,,,,,マレコガネ,2,オオツノアゲハ,3,ドスヘラクレス,5,電撃袋,2
パピメルＳコクサ,2,2,5,0,5,99,0,25,56,3,-2,2,-2,4,体術,3,スタミナ,-1,,,,,,,マレコガネ,2,オオツノアゲハ,3,ドスヘラクレス,5,電撃袋,2
デスギアＳナーベル,0,1,5,0,5,99,0,48,110,2,1,1,-1,0,狂撃耐性,5,龍属性攻撃,1,回避性能,-3,,,,,禍々しい闇布,1,禍々しい布,2,水竜の鋭牙,4,古龍骨,3
デスギアＳガイツ,0,2,5,0,5,99,0,24,55,3,1,1,-1,0,狂撃耐性,5,龍属性攻撃,1,回避性能,-3,,,,,禍々しい闇布,1,禍々しい布,2,水竜の鋭牙,4,古龍骨,3
デスギアＲナーベル,0,1,5,0,7,99,0,44,106,2,1,1,-1,0,属性会心,5,攻撃,-3,,,,,,,獰猛な鋭牙,1,禍々しい闇布,1,黒蝕竜の鋭惨爪,4,獰猛化素材(上位pts),8
デスギアＲガイツ,0,2,5,0,7,99,0,22,53,3,1,1,-1,0,属性会心,5,攻撃,-3,,,,,,,獰猛な鋭牙,1,禍々しい闇布,1,黒蝕竜の鋭惨爪,4,獰猛化素材(上位pts),8
ヴァイクＳフォールド,0,1,5,2,5,99,0,46,108,0,3,-2,-1,0,斬れ味,4,,,,,,,,,ユニオン鉱石,2,ヨロイシダイ,2,砂竜の上ヒレ,4,サシミウオ,20
ヴァイクＳコート,0,2,5,2,5,99,0,23,54,0,4,-2,-1,0,弾薬節約,4,,,,,,,,,ユニオン鉱石,2,ヨロイシダイ,2,砂竜の上ヒレ,4,サシミウオ,20
ロワーガＳアンカ,1,1,5,1,5,99,0,48,110,-2,0,3,-2,2,達人,5,会心強化,1,攻撃,-2,,,,,マレコガネ,2,オオクワアゲハ,3,上質な腹袋,4,ボンバッタ,10
ロワーガＳコクサ,1,2,5,1,5,99,0,24,55,-2,0,3,-2,3,達人,4,会心強化,1,攻撃,-2,,,,,マレコガネ,2,オオクワアゲハ,3,上質な腹袋,4,ボンバッタ,10
ファルメルＳアンカ,2,1,5,1,5,99,0,48,110,-2,0,3,-2,2,達人,5,会心強化,1,攻撃,-2,,,,,マレコガネ,2,オオクワアゲハ,3,上質な腹袋,4,ボンバッタ,10
ファルメルＳコクサ,2,2,5,1,5,99,0,24,55,-2,0,3,-2,3,達人,4,会心強化,1,攻撃,-2,,,,,マレコガネ,2,オオクワアゲハ,3,上質な腹袋,4,ボンバッタ,10
パティシエサロン,0,1,5,1,5,99,0,44,106,2,0,0,2,-2,炎熱適応,2,効果持続,2,腹減り,-2,,,,,マレコガネ,2,ビストロチケット,2,化け鮫の上皮,2,お食事券,2
パティシエエプロン,0,2,5,1,5,99,0,22,53,4,0,0,2,-2,炎熱適応,2,効果持続,1,腹減り,-2,,,,,マレコガネ,2,ビストロチケット,2,化け鮫の上皮,2,お食事券,2
スカルダＳアンカ,1,1,5,0,5,99,0,48,110,3,-1,-1,-1,3,特殊会心,3,本気,3,攻撃,-2,,,,,オオ毒クモリ,1,毒クモリ,2,カンタロスの薄羽,3,猛毒袋,4
スカルダＳコクサ,1,2,5,0,5,99,0,24,55,4,-1,-1,-1,3,特殊会心,3,本気,3,攻撃,-2,,,,,オオ毒クモリ,1,毒クモリ,2,カンタロスの薄羽,3,猛毒袋,4
スパイオＳアンカ,2,1,5,0,5,99,0,48,110,3,-1,-1,-1,3,特殊会心,3,本気,3,攻撃,-2,,,,,オオ毒クモリ,1,毒クモリ,2,カンタロスの薄羽,3,猛毒袋,4
スパイオＳコクサ,2,2,5,0,5,99,0,24,55,4,-1,-1,-1,3,特殊会心,3,本気,3,攻撃,-2,,,,,オオ毒クモリ,1,毒クモリ,2,カンタロスの薄羽,3,猛毒袋,4
ホロロＳフォールド,0,1,5,0,5,99,0,44,106,-2,-2,1,1,0,睡眠,4,痛撃,2,観察眼,2,,,,,夜鳥の翼,3,夜鳥の尾羽,4,ドラグライト鉱石,5,昏睡袋,2
ホロロＳコート,0,2,5,0,5,99,0,22,53,-1,-2,1,1,0,睡眠,4,痛撃,2,観察眼,2,,,,,夜鳥の翼,3,夜鳥の尾羽,4,ドラグライト鉱石,5,昏睡袋,2
ザボアフォールド,0,1,5,0,5,99,0,46,108,-2,3,-4,4,0,寒冷適応,3,ガード性能,2,火耐性,-2,,,,,化け鮫の上皮,4,化け鮫の上ヒレ,2,化け鮫の刃尾,1,とがった牙,5
ザボアコート,0,2,5,0,5,99,0,23,54,-2,3,-4,5,0,寒冷適応,3,反動,2,火耐性,-2,,,,,化け鮫の上皮,4,化け鮫の上ヒレ,2,化け鮫の刃尾,1,とがった牙,5
フルフルＳフォールド,0,1,5,0,5,99,0,50,112,-4,1,4,2,1,回復量,4,,,,,,,,,真珠色の柔皮,2,電撃袋,2,鮫肌の鱗,4,生命の粉塵,3
フルフルＳコート,0,2,5,0,5,99,0,25,56,-4,1,5,2,1,回復量,4,,,,,,,,,真珠色の柔皮,2,電撃袋,2,鮫肌の鱗,4,生命の粉塵,3
フルフルＲフォールド,0,1,5,2,6,99,0,46,108,-4,1,4,2,1,回復速度,3,回復量,1,調合成功率,-2,,,,,獰猛化白柔皮,1,真珠色の柔皮,5,電撃袋,5,フルフル素材(pts),8
フルフルＲコート,0,2,5,2,6,99,0,23,54,-4,1,5,2,1,回復速度,3,回復量,1,調合成功率,-2,,,,,獰猛化白柔皮,1,真珠色の柔皮,5,電撃袋,5,フルフル素材(pts),8
レイアＳフォールド,0,1,5,1,5,99,0,50,112,3,0,-2,0,-3,体力,2,回復量,2,回復速度,-1,,,,,雌火竜の上鱗,3,爆炎袋,2,マレコガネ,1,紅蓮石,2
レイアＳコート,0,2,5,1,5,99,0,25,56,4,0,-2,0,-3,体力,2,回復量,1,回復速度,-1,,,,,雌火竜の上鱗,3,爆炎袋,2,マレコガネ,1,紅蓮石,2
EXレイアフォールド,0,1,5,0,8,6,1,54,116,3,0,-2,0,-3,回復量,3,野草知識,2,気配,-2,,,,,EX火竜チケット,1,雌火竜の上鱗,4,火竜の骨髄,1,獄炎石,3
EXレイアコート,0,2,5,0,8,6,1,27,58,4,0,-2,0,-3,回復量,2,野草知識,2,気配,-2,,,,,EX火竜チケット,1,雌火竜の上鱗,4,火竜の骨髄,1,獄炎石,3
レイアＲフォールド,0,1,5,0,6,99,0,46,108,3,0,-2,0,-3,体力,5,,,,,,,,,獰猛化雌火竜鱗,1,雌火竜の上鱗,5,爆炎袋,5,雌火竜素材(pts),8
レイアＲコート,0,2,5,0,6,99,0,23,54,4,0,-2,0,-3,体力,5,,,,,,,,,獰猛化雌火竜鱗,1,雌火竜の上鱗,5,爆炎袋,5,雌火竜素材(pts),8
ハプルＳフォールド,0,1,5,1,5,99,0,50,112,2,0,-1,-3,1,抜刀減気,4,,,,,,,,,潜口竜の尖爪,2,潜口竜の上皮,3,鮮やかな体液,4,イーオスの上紫鱗,3
ハプルＳコート,0,2,5,1,5,99,0,25,56,3,0,-1,-3,1,装填速度,4,,,,,,,,,潜口竜の尖爪,2,潜口竜の上皮,3,鮮やかな体液,4,イーオスの上紫鱗,3
ブランゴＳフォールド,0,1,5,0,4,99,0,50,112,-4,1,0,4,0,納刀,4,氷属性攻撃,2,体術,2,,,,,ブランゴの剛毛,4,雪獅子の髭,1,堅牢な骨,3,ファンゴの上毛皮,4
ブランゴＳコート,0,2,5,0,4,99,0,25,56,-4,1,0,5,0,納刀,4,氷属性攻撃,2,体術,2,,,,,ブランゴの剛毛,4,雪獅子の髭,1,堅牢な骨,3,ファンゴの上毛皮,4
EXブランゴフォールド,0,1,5,0,7,99,0,54,116,-4,1,0,4,0,溜め短縮,2,体術,2,スタミナ,-2,,,,,七色たんぽぽ,1,雪獅子の剛毛,4,雪獅子の鋭牙,2,ゲネポスの上皮,5
EXブランゴコート,0,2,5,0,7,99,0,27,58,-4,1,0,5,0,溜め短縮,2,体術,2,スタミナ,-2,,,,,七色たんぽぽ,1,雪獅子の剛毛,4,雪獅子の鋭牙,2,ゲネポスの上皮,5
ラヴァフォールド,0,1,5,1,5,99,0,56,118,4,-4,0,0,1,窮地,3,根性,2,,,,,,,溶岩竜の堅殻,4,溶岩竜の鋭牙,3,紅蓮石,3,古代魚,2
ラヴァコート,0,2,5,1,5,99,0,28,59,5,-4,0,0,1,窮地,2,根性,2,,,,,,,溶岩竜の堅殻,4,溶岩竜の鋭牙,3,紅蓮石,3,古代魚,2
EXラヴァフォールド,0,1,5,1,8,99,0,60,122,4,-4,0,0,1,窮地,3,逆境,2,,,,,,,EX溶岩竜チケット,1,溶岩竜の上鱗,5,溶岩竜の堅殻,6,紅蓮石,4
EXラヴァコート,0,2,5,1,8,99,0,30,61,5,-4,0,0,1,逆境,2,窮地,2,,,,,,,EX溶岩竜チケット,1,溶岩竜の上鱗,5,溶岩竜の堅殻,6,紅蓮石,4
ギザミＳフォールド,0,1,5,0,5,99,0,48,110,1,2,-1,-1,0,達人,4,斬れ味,2,,,,,,,鎌蟹の堅殻,3,鎌蟹の堅脚,3,紅蓮石,2,マレコガネ,2
ギザミＳコート,0,2,5,0,5,99,0,24,55,2,2,-1,-1,0,達人,4,弾薬節約,2,,,,,,,鎌蟹の堅殻,3,鎌蟹の堅脚,3,紅蓮石,2,マレコガネ,2
EXギザミフォールド,0,1,5,0,7,99,0,52,114,1,2,-1,-1,0,達人,3,匠,2,雷耐性,-2,,,,,七色たんぽぽ,1,鎌蟹の堅殻,4,鎌蟹の甲殻,4,堅竜骨,1
EXギザミコート,0,2,5,0,7,99,0,26,57,2,2,-1,-1,0,達人,3,通常弾強化,2,雷耐性,-2,,,,,七色たんぽぽ,1,鎌蟹の堅殻,4,鎌蟹の甲殻,4,堅竜骨,1
ギザミＲフォールド,0,1,5,1,6,99,0,44,106,1,2,-1,-1,0,斬れ味,4,達人,2,,,,,,,獰猛化鎌蟹殻,1,鎌蟹の堅殻,5,尖竜骨,3,鎌蟹素材(pts),8
ギザミＲコート,0,2,5,1,6,99,0,22,53,2,2,-1,-1,0,弾薬節約,4,達人,2,,,,,,,獰猛化鎌蟹殻,1,鎌蟹の堅殻,5,尖竜骨,3,鎌蟹素材(pts),8
ガララＳフォールド,0,1,5,1,5,99,0,56,118,1,-1,0,-3,1,捕獲,3,麻痺,2,聴覚保護,1,,,,,絞蛇竜の堅殻,5,絞蛇竜の牙,6,絞蛇竜の上皮,2,竜骨【大】,3
ガララＳコート,0,2,5,1,5,99,0,28,59,1,-1,1,-3,1,麻痺,2,捕獲,2,聴覚保護,1,,,,,絞蛇竜の堅殻,5,絞蛇竜の牙,6,絞蛇竜の上皮,2,竜骨【大】,3
ナルガＳフォールド,0,1,5,3,5,99,0,40,102,-2,1,-3,1,1,達人,2,,,,,,,,,迅竜の上黒毛,5,迅竜の尻尾,1,迅竜の鋭刃翼,3,青熊獣の堅殻,4
ナルガＳコート,0,2,5,3,5,99,0,20,51,-2,1,-2,1,1,達人,2,,,,,,,,,迅竜の上黒毛,5,迅竜の尻尾,1,迅竜の鋭刃翼,3,青熊獣の堅殻,4
ガルルガＳフォールド,0,1,5,2,5,99,0,56,118,2,-1,2,0,0,剣術,2,聴覚保護,1,採取,-1,,,,,黒狼鳥の上鱗,4,黒狼鳥の堅殻,4,爆炎袋,3,カブレライト鉱石,2
ガルルガＳコート,0,2,5,2,5,99,0,28,59,3,-1,2,0,0,変則射撃,2,聴覚保護,1,採取,-1,,,,,黒狼鳥の上鱗,4,黒狼鳥の堅殻,4,爆炎袋,3,カブレライト鉱石,2
ガンキンＳフォールド,0,1,5,1,5,99,0,64,126,3,-4,0,-1,-2,裂傷,2,防御,2,抜刀減気,2,,,,,爆鎚竜の上鱗,6,爆鎚竜の耐熱殻,4,爆鎚竜の甲殻,4,赤甲獣の堅殻,3
ガンキンＳコート,0,2,5,1,5,99,0,32,63,4,-4,0,-1,-2,裂傷,2,防御,2,散弾強化,2,,,,,爆鎚竜の上鱗,6,爆鎚竜の耐熱殻,4,爆鎚竜の甲殻,4,赤甲獣の堅殻,3
クロオビＳフォールド,0,1,5,0,5,99,0,50,112,3,3,3,3,3,会心強化,2,本気,2,,,,,,,タツジンチケット,1,ケチャコイン,2,マレコガネ,1,,
クロオビＳコート,0,2,5,0,5,99,0,25,56,3,3,3,3,4,会心強化,2,本気,2,,,,,,,タツジンチケット,1,ケチャコイン,2,マレコガネ,1,,
ガーディアンコイル,1,1,5,1,5,6,1,50,112,0,0,0,0,0,ガード性能,3,研ぎ師,1,気配,-2,,,,,ココットチケット,1,ノヴァクリスタル,2,海竜の鱗,3,盾蟹の堅殻,4
ガーディアンコート,1,2,5,1,5,6,1,25,56,0,0,0,0,0,ガード性能,3,装填速度,1,気配,-2,,,,,ココットチケット,1,ノヴァクリスタル,2,海竜の鱗,3,盾蟹の堅殻,4
ガーディアンＵコイル,1,1,5,1,5,6,1,54,116,0,0,0,0,0,ガード性能,3,砲術,1,気配,-2,,,,,ココットチケット,1,ノヴァクリスタル,2,火竜の鱗,3,盾蟹の堅殻,4
ガーディアンＵコート,1,2,5,1,5,6,1,27,58,0,0,0,0,0,ガード性能,3,反動,1,気配,-2,,,,,ココットチケット,1,ノヴァクリスタル,2,火竜の鱗,3,盾蟹の堅殻,4
スカラースカート,2,1,5,1,5,99,0,48,110,0,0,0,0,0,回避性能,3,笛,1,気配,-2,,,,,ユクモチケット,1,龍歴院チケット,1,赤甲獣の堅殻,5,カブレライト鉱石,5
スカラーフリル,2,2,5,1,5,99,0,24,55,0,0,0,0,0,回避性能,3,精密射撃,1,気配,-2,,,,,ユクモチケット,1,龍歴院チケット,1,赤甲獣の堅殻,5,カブレライト鉱石,5
セイラースカート,2,1,5,1,5,99,0,48,110,0,0,0,0,0,回避性能,3,溜め短縮,1,気配,-2,,,,,ユクモチケット,1,龍歴院チケット,1,真珠色の柔皮,4,海竜の鱗,5
セイラーフリル,2,2,5,1,5,99,0,24,55,0,0,0,0,0,回避性能,2,溜め短縮,1,気配,-2,,,,,ユクモチケット,1,龍歴院チケット,1,真珠色の柔皮,4,海竜の鱗,5
ブレイブＳフォールド,0,1,6,0,7,6,1,48,110,0,0,0,0,0,火属性攻撃,3,闘魂,2,乗り,2,,,,,ベルナチケット,1,勇気の証Ｇ,1,上質な毛皮,2,ランポスの上皮,8
ブレイブＳコート,0,2,6,0,7,6,1,24,55,1,1,1,1,1,火属性攻撃,3,闘魂,2,乗り,2,,,,,ベルナチケット,1,勇気の証Ｇ,1,上質な毛皮,2,ランポスの上皮,8
ドーベルコイル,0,1,6,1,6,99,0,54,116,-2,0,0,0,4,龍属性攻撃,3,気絶,2,属性耐性,2,,,,,堅竜骨,2,いにしえの龍骨,2,雷狼竜の尖爪,2,竜骨【中】,8
ドーベルコート,0,2,6,1,6,99,0,27,58,-2,0,0,0,5,龍属性攻撃,3,気絶,2,属性耐性,2,,,,,堅竜骨,2,いにしえの龍骨,2,雷狼竜の尖爪,2,竜骨【中】,8
ダマスクコイル,0,1,6,1,8,99,0,60,122,-1,2,-3,1,-1,無心,3,だるま,1,抜刀会心,1,,,,,骸龍の口腕甲,2,金火竜の上鱗,4,銀火竜の上鱗,4,骸棘殻,3
ダマスクコート,0,2,6,1,8,99,0,30,61,-1,2,-3,1,-1,無心,3,だるま,1,貫通弾強化,1,,,,,骸龍の口腕甲,2,金火竜の上鱗,4,銀火竜の上鱗,4,骸棘殻,3
ダマスクＲコイル,0,1,6,1,8,99,0,56,118,-1,2,-3,1,-1,抜刀会心,4,,,,,,,,,獰猛化狩猟の証Ⅲ,1,獰猛化海竜皮,2,尖骸棘殻,4,獰猛化素材(上位pts),8
ダマスクＲコート,0,2,6,1,8,99,0,28,59,-1,2,-3,1,-1,貫通弾強化,4,,,,,,,,,獰猛化狩猟の証Ⅲ,1,獰猛化海竜皮,2,尖骸棘殻,4,獰猛化素材(上位pts),8
クロムメタルコイル,0,1,6,0,7,99,0,56,118,-2,-2,-2,-2,4,胴系統倍加,1,,,,,,,,,勇気の証Ｇ,1,堅竜骨,6,ノヴァクリスタル,1,,
クロムメタルコート,0,2,6,0,7,99,0,28,59,-2,-2,-2,-2,5,胴系統倍加,1,,,,,,,,,勇気の証Ｇ,1,堅竜骨,6,ノヴァクリスタル,1,,
アーティアＳコイル,0,1,6,1,6,99,0,60,122,1,-2,-2,2,3,高速設置,5,,,,,,,,,太古の破片,1,さびた破片,2,獄炎石,3,ライトクリスタル,6
アーティアＳコート,0,2,6,1,6,99,0,30,61,3,-2,-2,2,3,高速設置,5,,,,,,,,,太古の破片,1,さびた破片,2,獄炎石,3,ライトクリスタル,6
アーティアＲコイル,0,1,6,0,7,99,0,56,118,1,-2,-2,2,3,雷属性攻撃,7,,,,,,,,,獰猛化狩猟の証Ⅱ,1,太古の破片,1,獄炎石,8,獰猛化素材(上位pts),8
アーティアＲコート,0,2,6,0,7,99,0,28,59,3,-2,-2,2,3,雷属性攻撃,7,,,,,,,,,獰猛化狩猟の証Ⅱ,1,太古の破片,1,獄炎石,8,獰猛化素材(上位pts),8
セルタスフォールド,0,1,6,0,4,99,0,60,122,-3,4,-2,-2,5,砲術,4,英雄の盾,2,斬れ味,1,,,,,徹甲虫の堅殻,4,徹甲虫の薄羽,2,徹甲虫の尖角,1,大水袋,3
セルタスコート,0,2,6,0,4,99,0,30,61,-3,4,-2,-2,6,砲術,4,英雄の盾,2,弾薬節約,1,,,,,徹甲虫の堅殻,4,徹甲虫の薄羽,2,徹甲虫の尖角,1,大水袋,3
レウスＳフォールド,0,1,6,2,6,99,0,58,120,4,0,-2,0,-4,攻撃,3,痛撃,2,,,,,,,火竜の堅殻,5,火竜の翼,3,上竜骨,5,ユニオン鉱石,2
レウスＳコート,0,2,6,2,6,99,0,29,60,5,0,-2,0,-4,攻撃,2,痛撃,2,,,,,,,火竜の堅殻,5,火竜の翼,3,上竜骨,5,ユニオン鉱石,2
EXレウスフォールド,0,1,6,2,8,6,1,62,124,4,0,-2,0,-4,炎熱適応,2,底力,2,,,,,,,EX火竜チケット,1,火竜の堅殻,5,火竜の骨髄,1,獄炎石,3
EXレウスコート,0,2,6,2,8,6,1,31,62,5,0,-2,0,-4,炎熱適応,2,底力,1,,,,,,,EX火竜チケット,1,火竜の堅殻,5,火竜の骨髄,1,獄炎石,3
レウスＲフォールド,0,1,6,0,7,99,0,54,116,4,0,-2,0,-4,攻撃,7,,,,,,,,,獰猛化火竜鱗,1,火竜の堅殻,5,火竜の翼,4,雄火竜素材(pts),8
レウスＲコート,0,2,6,0,7,99,0,27,58,5,0,-2,0,-4,攻撃,7,,,,,,,,,獰猛化火竜鱗,1,火竜の堅殻,5,火竜の翼,4,雄火竜素材(pts),8
ラギアＳフォールド,0,1,6,0,6,99,0,58,120,-3,2,4,-1,-2,気力回復,3,属性攻撃,2,ガード性能,2,,,,,海竜の高電殻,2,海竜の上鱗,5,海竜の尻尾,1,カブレライト鉱石,4
ラギアＳコート,0,2,6,0,6,99,0,29,60,-3,2,5,-1,-2,属性攻撃,2,貫通弾強化,2,気力回復,2,,,,,海竜の高電殻,2,海竜の上鱗,5,海竜の尻尾,1,カブレライト鉱石,4
ラギアＲフォールド,0,1,6,0,7,99,0,54,116,-3,2,4,-1,-2,ガード性能,5,属性攻撃,3,,,,,,,獰猛化海竜皮,1,海竜の上皮,4,海竜の高電殻,5,海竜素材(pts),8
ラギアＲコート,0,2,6,0,7,99,0,27,58,-3,2,5,-1,-2,貫通弾強化,5,属性攻撃,2,,,,,,,獰猛化海竜皮,1,海竜の上皮,4,海竜の高電殻,5,海竜素材(pts),8
ジンオウＳフォールド,0,1,6,1,6,99,0,58,120,0,-1,4,-4,1,属性会心,4,,,,,,,,,雷狼竜の堅殻,5,雷狼竜の高電毛,2,雷狼竜の尻尾,1,大猪の硬い皮,4
ジンオウＳコート,0,2,6,0,6,99,0,29,60,0,-1,5,-4,1,属性会心,4,,,,,,,,,雷狼竜の堅殻,5,雷狼竜の高電毛,2,雷狼竜の尻尾,1,大猪の硬い皮,4
EXジンオウフォールド,0,1,6,0,8,99,0,62,124,0,-1,4,-4,1,本気,3,連撃,2,気配,-2,,,,,EX雷狼竜チケット,1,雷狼竜の高電毛,5,雷狼竜の爪,6,電撃袋,4
EXジンオウコート,0,2,6,0,8,99,0,31,62,0,-1,5,-4,1,本気,3,連撃,2,気配,-2,,,,,EX雷狼竜チケット,1,雷狼竜の高電毛,5,雷狼竜の爪,6,電撃袋,4
ミツネＳフォールド,0,1,6,0,6,99,0,50,112,0,2,-3,1,-1,泡沫,2,窮地,2,腹減り,2,,,,,泡狐竜の上鱗,3,泡狐竜の尻尾,2,大水袋,4,真珠色の柔皮,4
ミツネＳコート,0,2,6,0,6,99,0,25,56,0,2,-2,1,-1,泡沫,2,窮地,2,腹減り,2,,,,,泡狐竜の上鱗,3,泡狐竜の尻尾,2,大水袋,4,真珠色の柔皮,4
ゼクスＳフォールド,0,1,6,0,6,99,0,58,120,0,-2,3,-3,2,気絶,2,連撃,2,気力回復,2,,,,,電竜の高電膜,2,電竜の鋭翼爪,4,高圧電甲,4,超電雷光虫,7
ゼクスＳコート,0,2,6,0,6,99,0,29,60,0,-2,4,-3,2,気絶,2,連撃,2,気力回復,2,,,,,電竜の高電膜,2,電竜の鋭翼爪,4,高圧電甲,4,超電雷光虫,7
ガムートＳフォールド,0,1,6,0,6,99,0,66,128,-3,1,-1,3,2,寒冷適応,3,耐震,2,重撃,1,,,,,巨獣の剛毛,4,巨獣の堅牙,2,巨獣の赤毛,5,大猪の大牙,4
ガムートＳコート,0,2,6,0,6,99,0,33,64,-3,1,-1,4,2,寒冷適応,2,重撃弾強化,2,重撃,1,,,,,巨獣の剛毛,4,巨獣の堅牙,2,巨獣の赤毛,5,大猪の大牙,4
ディノＳフォールド,0,1,6,2,6,99,0,60,122,3,-3,1,0,-1,匠,3,研磨術,1,,,,,,,斬竜の堅殻,2,斬竜の鋭牙,4,斬竜の上鱗,3,紅蓮石,5
ディノＳコート,0,2,6,2,6,99,0,30,61,4,-3,1,0,-1,射法,3,研磨術,1,,,,,,,斬竜の堅殻,2,斬竜の鋭牙,4,斬竜の上鱗,3,紅蓮石,5
アグナフォールド,0,1,6,0,6,99,0,60,122,4,-4,0,-1,0,炎熱適応,3,ガード性能,2,,,,,,,炎戈竜の上ヒレ,3,炎戈竜の燃鱗,4,溶岩獣の上鱗,8,イーオスの大皮,5
アグナコート,0,2,6,0,6,99,0,30,61,6,-4,0,-1,0,炎熱適応,2,反動,2,,,,,,,炎戈竜の上ヒレ,3,炎戈竜の燃鱗,4,溶岩獣の上鱗,8,イーオスの大皮,5
ゴアＳフォールド,0,1,6,1,6,99,0,60,122,-2,2,-1,2,-2,狂撃耐性,3,回避性能,3,,,,,,,黒蝕竜の上暗翼,2,黒蝕竜の堅殻,5,黒蝕竜の尖触角,1,黒蝕竜の尻尾,1
ゴアＳコート,0,2,6,1,6,99,0,30,61,-2,3,-1,2,-2,狂撃耐性,3,回避性能,3,,,,,,,黒蝕竜の上暗翼,2,黒蝕竜の堅殻,5,黒蝕竜の尖触角,1,黒蝕竜の尻尾,1
EXゴアフォールド,0,1,6,1,8,99,0,64,126,-2,2,-1,2,-2,細菌学,3,闘魂,3,,,,,,,EX黒蝕竜チケット,1,黒蝕竜の上鱗,5,黒蝕竜の尻尾,3,天廻龍の鋭浄爪,3
EXゴアコート,0,2,6,1,8,99,0,32,63,-2,3,-1,2,-2,細菌学,3,闘魂,3,,,,,,,EX黒蝕竜チケット,1,黒蝕竜の上鱗,5,黒蝕竜の尻尾,3,天廻龍の鋭浄爪,3
ゴアＲフォールド,0,1,6,1,8,99,0,56,118,-2,2,-1,2,-2,闘魂,4,,,,,,,,,獰猛化黒蝕竜鱗,1,黒蝕竜の上鱗,5,黒蝕竜の鋭惨爪,5,黒蝕竜素材(pts),8
ゴアＲコート,0,2,6,1,8,99,0,28,59,-2,3,-1,2,-2,闘魂,4,,,,,,,,,獰猛化黒蝕竜鱗,1,黒蝕竜の上鱗,5,黒蝕竜の鋭惨爪,5,黒蝕竜素材(pts),8
レギオスＳフォールド,0,1,6,2,7,99,0,60,122,2,0,-3,-2,0,抜刀会心,2,体術,2,,,,,,,千刃竜の鋭刃鱗,5,千刃竜の飛刃,4,千刃竜の尖翼爪,4,砂竜の上ヒレ,4
レギオスＳコート,0,2,6,2,7,99,0,30,61,4,0,-3,-2,0,射法,2,体術,2,,,,,,,千刃竜の鋭刃鱗,5,千刃竜の飛刃,4,千刃竜の尖翼爪,4,砂竜の上ヒレ,4
ドボルフォールド,0,1,6,1,6,99,0,66,128,-3,2,1,-2,1,重撃,3,溜め短縮,1,,,,,,,尾槌竜の堅苔甲,4,尾槌竜の堅殻,4,大猪の大牙,3,ファンゴの上毛皮,6
ドボルコート,0,2,6,1,6,99,0,33,64,-2,2,1,-2,1,重撃,3,溜め短縮,1,,,,,,,尾槌竜の堅苔甲,4,尾槌竜の堅殻,4,大猪の大牙,3,ファンゴの上毛皮,6
レックスＳフォールド,0,1,6,0,6,99,0,60,122,2,0,-3,0,-2,食事,4,聴覚保護,3,回復量,-2,,,,,轟竜の堅殻,4,轟竜の上鱗,3,堅竜骨,3,ドスヘラクレス,5
レックスＳコート,0,2,6,0,6,99,0,30,61,4,0,-3,0,-2,聴覚保護,3,食事,3,回復量,-2,,,,,轟竜の堅殻,4,轟竜の上鱗,3,堅竜骨,3,ドスヘラクレス,5
EXレックスフォールド,0,1,6,0,8,99,0,64,126,2,0,-3,0,-2,食事,3,逆上,2,肉食,2,,,,,EX轟竜チケット,1,轟竜の堅殻,6,轟竜の尻尾,3,溶岩竜の鋭牙,4
EXレックスコート,0,2,6,0,8,99,0,32,63,4,0,-3,0,-2,食事,3,逆上,2,肉食,2,,,,,EX轟竜チケット,1,轟竜の堅殻,6,轟竜の尻尾,3,溶岩竜の鋭牙,4
レックスＲフォールド,0,1,6,0,8,99,0,56,118,2,0,-3,0,-2,聴覚保護,5,,,,,,,,,獰猛化轟竜鱗,1,轟竜の上鱗,5,轟竜の堅殻,6,轟竜素材(pts),8
レックスＲコート,0,2,6,0,8,99,0,28,59,4,0,-3,0,-2,聴覚保護,5,,,,,,,,,獰猛化轟竜鱗,1,轟竜の上鱗,5,轟竜の堅殻,6,轟竜素材(pts),8
キリンＳフープ,0,1,6,1,6,99,0,64,126,-1,-1,3,0,2,加護,3,スタミナ,2,属性攻撃,1,,,,,キリンの上皮,1,キリンの皮,3,キリンの蒼角,2,電撃袋,3
キリンＳショルト,0,2,6,1,6,99,0,32,63,-1,-1,4,0,2,スタミナ,2,加護,2,属性攻撃,1,,,,,キリンの上皮,1,キリンの皮,3,キリンの蒼角,2,電撃袋,3
キリンＲフープ,0,1,6,0,7,99,0,60,122,-1,-1,3,0,2,属性攻撃,5,,,,,,,,,獰猛な帯電毛,1,キリンの雷尾,3,キリンの皮,5,獰猛化素材(上位pts),8
キリンＲショルト,0,2,6,0,7,99,0,30,61,-1,-1,4,0,2,属性攻撃,5,,,,,,,,,獰猛な帯電毛,1,キリンの雷尾,3,キリンの皮,5,獰猛化素材(上位pts),8
ブラキＳフォールド,0,1,6,0,7,99,0,62,124,2,-4,0,-2,0,闘魂,4,細菌学,1,,,,,,,砕竜の剛拳,2,砕竜の尻尾,1,砕竜の堅殻,4,カワズの殿油,2
ブラキＳコート,0,2,6,0,7,99,0,31,62,2,-3,0,-2,0,闘魂,4,細菌学,1,,,,,,,砕竜の剛拳,2,砕竜の尻尾,1,砕竜の堅殻,4,カワズの殿油,2
EXブラキフォールド,0,1,6,3,8,99,0,66,128,2,-4,0,-2,0,匠,1,爆弾強化,1,,,,,,,EX砕竜チケット,1,砕竜の剛拳,4,砕竜の尻尾,3,獄炎石,7
EXブラキコート,0,2,6,3,8,99,0,33,64,2,-3,0,-2,0,速射,1,爆弾強化,1,,,,,,,EX砕竜チケット,1,砕竜の剛拳,4,砕竜の尻尾,3,獄炎石,7
金色ノ帯,0,1,6,1,6,99,0,66,128,2,1,3,-5,2,無心,3,攻撃,1,気配,-2,,,,,金獅子の尖角,1,金獅子の黒毛,3,金獅子の鋭牙,4,炎の龍鱗,2
黒子ノ帯,0,2,6,1,6,99,0,33,64,2,1,3,-4,2,無心,3,気配,2,攻撃,1,,,,,金獅子の尖角,1,金獅子の黒毛,3,金獅子の鋭牙,4,炎の龍鱗,2
バンギスコイル,0,1,6,2,6,99,0,66,128,0,0,-4,0,-4,痛撃,2,重撃,2,腹減り,-2,,,,,恐暴竜の黒皮,4,恐暴竜の鉤爪,3,恐暴竜の黒鱗,6,迅竜の骨髄,1
バンギスコート,0,2,6,2,6,99,0,33,64,0,0,-3,0,-4,痛撃,2,重撃,2,腹減り,-2,,,,,恐暴竜の黒皮,4,恐暴竜の鉤爪,3,恐暴竜の黒鱗,6,迅竜の骨髄,1
ギルドナイトコイル,1,1,6,1,4,99,0,50,112,0,0,0,0,0,采配,2,運気,2,,,,,,,ギルドチケット,1,ランポスの大上皮,5,上質な毛皮,4,モンスターの体液,3
ギルドナイトスカート,1,2,6,1,4,99,0,25,56,0,0,0,0,0,采配,2,運気,2,,,,,,,ギルドチケット,1,ランポスの大上皮,5,上質な毛皮,4,モンスターの体液,3
メイドＳスカート,2,1,6,1,7,99,0,50,112,0,0,0,0,0,采配,2,運気,2,,,,,,,ココットチケット,1,ランポスの大上皮,5,上質な毛皮,4,モンスターの体液,3
プライベートＳフリル,2,2,6,1,7,99,0,25,56,0,0,0,0,0,采配,2,運気,2,,,,,,,ココットチケット,1,ランポスの大上皮,5,上質な毛皮,4,モンスターの体液,3
ギルドガードコイル蒼,1,1,6,1,6,6,1,50,112,0,0,0,0,0,采配,2,護石王,2,,,,,,,ギルドチケット,1,ポッケチケット,1,青熊獣の剛毛,6,鎌蟹の甲殻,4
ギルドガードコート蒼,1,2,6,1,6,6,1,25,56,0,0,0,0,0,采配,2,護石王,2,,,,,,,ギルドチケット,1,ポッケチケット,1,青熊獣の剛毛,6,鎌蟹の甲殻,4
ギルドガードコイル蒼,2,1,6,1,6,6,1,50,112,0,0,0,0,0,采配,2,護石王,2,,,,,,,ギルドチケット,1,ポッケチケット,1,青熊獣の剛毛,6,鎌蟹の甲殻,4
ギルドガードコート蒼,2,2,6,1,6,6,1,25,56,0,0,0,0,0,采配,2,護石王,2,,,,,,,ギルドチケット,1,ポッケチケット,1,青熊獣の剛毛,6,鎌蟹の甲殻,4
ギルドガードコイル紅,1,1,6,1,6,6,1,50,112,0,0,0,0,0,采配,2,剥ぎ取り,2,,,,,,,ギルドチケット,1,ポッケチケット,1,盾蟹の堅殻,6,イーオスの鱗,10
ギルドガードコート紅,1,2,6,1,6,6,1,25,56,0,0,0,0,0,采配,2,剥ぎ取り,2,,,,,,,ギルドチケット,1,ポッケチケット,1,盾蟹の堅殻,6,イーオスの鱗,10
ギルドガードコイル紅,2,1,6,1,6,6,1,50,112,0,0,0,0,0,采配,2,剥ぎ取り,2,,,,,,,ギルドチケット,1,ポッケチケット,1,盾蟹の堅殻,6,イーオスの鱗,10
ギルドガードコート紅,2,2,6,1,6,6,1,25,56,0,0,0,0,0,采配,2,剥ぎ取り,2,,,,,,,ギルドチケット,1,ポッケチケット,1,盾蟹の堅殻,6,イーオスの鱗,10
ヘルパーＳスカート,2,1,6,1,6,99,0,50,112,0,0,0,0,0,広域,3,回復量,2,,,,,,,ポッケチケット,1,ノヴァクリスタル,2,雪獅子の毛,3,盾蟹の堅殻,4
ヒーラーＳフリル,2,2,6,1,6,99,0,25,56,0,0,0,0,0,広域,3,回復量,2,,,,,,,ポッケチケット,1,ノヴァクリスタル,2,雪獅子の毛,3,盾蟹の堅殻,4
ヘルパーＵスカート,2,1,6,3,6,99,0,50,112,0,0,0,0,0,,,,,,,,,,,ポッケチケット,1,ノヴァクリスタル,2,迅竜の黒毛,3,盾蟹の堅殻,4
ヒーラーＵフリル,2,2,6,3,6,99,0,25,56,0,0,0,0,0,,,,,,,,,,,ポッケチケット,1,ノヴァクリスタル,2,迅竜の黒毛,3,盾蟹の堅殻,4
ギルドバードＳコイル,1,1,6,1,6,99,0,50,112,0,0,0,0,0,号令,2,運気,2,,,,,,,ギルドチケット,1,龍歴院チケット,1,雷狼竜の高電毛,4,カブレライト鉱石,5
ギルドバードＳコート,1,2,6,1,6,99,0,25,56,0,0,0,0,0,号令,2,運気,2,,,,,,,ギルドチケット,1,龍歴院チケット,1,雷狼竜の高電毛,4,カブレライト鉱石,5
三眼の腰飾り,0,0,6,3,6,99,0,15,46,0,0,0,0,0,,,,,,,,,,,堅竜骨,2,ノヴァクリスタル,2,,,,
撫子・華【四垂】,2,1,6,1,7,99,0,50,112,0,0,0,0,0,無心,2,千里眼,2,観察眼,2,,,,,ユクモチケット,1,ユクモの堅木,2,尾槌竜の堅尾甲,4,ノヴァクリスタル,2
桔梗・華【四垂】,2,2,6,1,7,99,0,25,56,0,0,0,0,0,無心,2,千里眼,2,観察眼,2,,,,,ユクモチケット,1,ユクモの堅木,2,尾槌竜の堅尾甲,4,ノヴァクリスタル,2
エースフォールド,1,1,6,0,8,99,0,50,112,0,0,0,0,0,斬れ味,2,剣術,2,気力回復,2,,,,,ベルナチケット,1,獰猛化白柔皮,1,火竜の翼,3,古龍の血,2
エースコート,1,2,6,0,8,99,0,25,56,0,0,0,0,0,装填数,2,弾薬節約,2,気力回復,2,,,,,ベルナチケット,1,獰猛化白柔皮,1,火竜の翼,3,古龍の血,2
クイーンフォールド,2,1,6,0,8,99,0,50,112,0,0,0,0,0,斬れ味,2,剣術,2,気力回復,2,,,,,ベルナチケット,1,獰猛化白柔皮,1,火竜の翼,3,古龍の血,2
クイーンコート,2,2,6,0,8,99,0,25,56,0,0,0,0,0,装填数,2,弾薬節約,2,気力回復,2,,,,,ベルナチケット,1,獰猛化白柔皮,1,火竜の翼,3,古龍の血,2
ホークコイル,1,1,6,0,7,6,1,50,112,0,0,0,0,0,狂撃耐性,3,食事,2,体術,1,,,,,ベルナチケット,1,上質な毛皮,2,重甲虫の大顎,3,奇猿狐の剛毛,2
ホークコート,1,2,6,0,7,6,1,25,56,0,0,0,0,0,狂撃耐性,3,食事,2,体術,1,,,,,ベルナチケット,1,上質な毛皮,2,重甲虫の大顎,3,奇猿狐の剛毛,2
グルニャンＳサロン,0,1,6,0,6,99,0,56,118,1,1,1,1,1,研ぎ師,3,回復量,3,スタミナ,2,,,,,獰猛化エキス,1,ビストロチケット,2,ユクモチケット,1,雪獅子の剛毛,5
グルニャンＳエプロン,0,2,6,0,6,99,0,28,59,1,1,1,1,1,弾薬節約,3,スタミナ,2,回復量,2,,,,,獰猛化エキス,1,ビストロチケット,2,ユクモチケット,1,雪獅子の剛毛,5
サージュＳコイル,0,1,6,1,6,99,0,50,112,0,0,0,0,0,細菌学,3,捕獲,3,,,,,,,龍歴院チケット,1,雲羊鹿の毛玉,5,獰猛な牙,2,泡狐竜の上錦ヒレ,2
サージュＳコート,0,2,6,1,6,99,0,25,56,0,0,0,0,0,細菌学,3,捕獲,3,,,,,,,龍歴院チケット,1,雲羊鹿の毛玉,5,獰猛な牙,2,泡狐竜の上錦ヒレ,2
城塞遊撃隊【鎖帯】,0,1,6,0,8,99,0,56,118,0,0,0,0,0,跳躍,4,攻撃,3,気力回復,3,,,,,ギルドチケット,1,盾蟹の尖爪,4,大水袋,4,盾蟹の小殻,10
城塞弓撃隊【弾帯】,0,2,6,0,8,99,0,28,59,0,0,0,0,0,跳躍,4,気力回復,3,攻撃,2,,,,,ギルドチケット,1,盾蟹の尖爪,4,大水袋,4,盾蟹の小殻,10
忍の帯・天,0,1,7,1,8,99,0,56,118,2,-1,2,-1,1,痛撃,3,気配,2,,,,,,,ギルドチケット,1,煌黒龍の翼膜,1,火竜の堅殻,5,古龍の血,2
忍の帯・地,0,2,7,1,8,99,0,28,59,2,-1,2,-1,2,痛撃,3,気配,2,,,,,,,ギルドチケット,1,煌黒龍の翼膜,1,火竜の堅殻,5,古龍の血,2
忍の帯・空,0,1,7,1,8,99,0,60,122,2,-1,2,-1,1,特殊会心,3,連撃,2,,,,,,,ギルドチケット,1,煌黒龍の翼膜,1,銀火竜の堅殻,3,古龍の血,2
忍の帯・海,0,2,7,1,8,99,0,30,61,2,-1,2,-1,2,特殊会心,3,連撃,2,,,,,,,ギルドチケット,1,煌黒龍の翼膜,1,銀火竜の堅殻,3,古龍の血,2
龍歴士コイル,0,1,7,1,7,6,1,66,128,2,2,-2,-2,2,研磨術,3,寒冷適応,2,炎熱適応,2,,,,,ベルナチケット,2,龍歴院チケット,2,勇気の証Ｇ,2,竜玉,1
龍歴士コート,0,2,7,1,7,6,1,33,64,2,2,-2,-2,3,寒冷適応,2,炎熱適応,2,研磨術,2,,,,,ベルナチケット,2,龍歴院チケット,2,勇気の証Ｇ,2,竜玉,1
マスターフォールド,0,1,7,1,7,99,0,66,128,2,-2,2,-2,2,加護,3,無心,2,英雄の盾,2,,,,,ココットチケット,2,勇気の証Ｇ,2,いにしえの龍骨,3,竜玉,1
マスターコート,0,2,7,1,7,99,0,33,64,3,-2,2,-2,2,無心,2,加護,2,英雄の盾,2,,,,,ココットチケット,2,勇気の証Ｇ,2,いにしえの龍骨,3,竜玉,1
ブラックＳスパイン,0,1,7,0,8,99,0,66,128,2,2,2,2,-5,属性耐性,3,抜刀会心,2,溜め短縮,2,,,,,発光する上粘液,2,ポッケチケット,2,黒い塊,2,いにしえの龍骨,3
ブラックＳスケイル,0,2,7,0,8,99,0,33,64,2,2,2,3,-5,属性耐性,3,貫通弾強化,2,溜め短縮,2,,,,,発光する上粘液,2,ポッケチケット,2,黒い塊,2,いにしえの龍骨,3
桐花【腰当て】,0,1,7,1,8,99,0,66,128,-2,2,2,2,-2,連撃,2,属性会心,2,会心強化,2,,,,,ユクモチケット,2,足湯チケット,1,希望の証Ｇ,2,古龍の浄血,1
三葵【腰当て】,0,2,7,1,8,99,0,33,64,-2,2,3,2,-2,連撃,2,属性会心,2,会心強化,2,,,,,ユクモチケット,2,足湯チケット,1,希望の証Ｇ,2,古龍の浄血,1
EXレイアＳフォールド,0,1,7,0,8,99,0,64,126,4,0,-3,0,-4,ガード強化,3,ガード性能,2,根性,2,,,,,EX火竜チケットＳ,1,雌火竜の上鱗,4,火竜の骨髄,1,獄炎石,3
EXレイアＳコート,0,2,7,0,8,99,0,32,63,6,0,-3,0,-4,ガード性能,2,ガード強化,2,根性,2,,,,,EX火竜チケットＳ,1,雌火竜の上鱗,4,火竜の骨髄,1,獄炎石,3
EXレウスＳフォールド,0,1,7,2,8,99,0,64,126,5,0,-4,0,-4,攻撃,2,痛撃,2,炎熱適応,1,,,,,EX火竜チケットＳ,1,火竜の堅殻,5,火竜の骨髄,1,獄炎石,3
EXレウスＳコート,0,2,7,2,8,99,0,32,63,6,0,-4,0,-4,痛撃,2,炎熱適応,1,攻撃,1,,,,,EX火竜チケットＳ,1,火竜の堅殻,5,火竜の骨髄,1,獄炎石,3
EXレックスＳコイル,0,1,7,1,8,6,1,64,126,2,0,-4,0,-3,気力回復,4,体術,3,,,,,,,EX轟竜チケットＳ,1,轟竜の堅殻,6,轟竜の尻尾,3,黒蝕竜の鋭惨爪,3
EXレックスＳコート,0,2,7,1,8,6,1,32,63,4,0,-4,0,-3,体術,3,気力回復,3,,,,,,,EX轟竜チケットＳ,1,轟竜の堅殻,6,轟竜の尻尾,3,黒蝕竜の鋭惨爪,3
アークＳフォールド,1,1,7,2,7,99,0,68,130,-2,2,0,2,-4,無傷,2,節食,2,匠,1,,,,,天廻龍の上虹翼,2,天廻龍の堅殻,5,天廻龍の尻尾,1,ノヴァクリスタル,3
アークＳコート,1,2,7,2,7,99,0,34,65,-2,2,0,2,-3,無傷,2,節食,2,通常弾強化,1,,,,,天廻龍の上虹翼,2,天廻龍の堅殻,5,天廻龍の尻尾,1,ノヴァクリスタル,3
フィリアＳフォールド,2,1,7,2,7,99,0,68,130,-2,2,0,2,-4,無傷,2,節食,2,匠,1,,,,,天廻龍の上虹翼,2,天廻龍の堅殻,5,天廻龍の尻尾,1,ノヴァクリスタル,3
フィリアＳコート,2,2,7,2,7,99,0,34,65,-2,2,0,2,-3,無傷,2,節食,2,通常弾強化,1,,,,,天廻龍の上虹翼,2,天廻龍の堅殻,5,天廻龍の尻尾,1,ノヴァクリスタル,3
EXアークフォールド,1,1,7,2,7,6,1,72,134,-2,2,0,2,-4,チャンス,2,節食,2,ガード性能,1,,,,,EX天廻龍チケット,1,天廻龍の上鱗,5,天廻龍の尻尾,3,黒蝕竜の鋭惨爪,3
EXアークコート,1,2,7,2,7,6,1,36,67,-2,2,0,2,-3,チャンス,2,節食,2,反動,1,,,,,EX天廻龍チケット,1,天廻龍の上鱗,5,天廻龍の尻尾,3,黒蝕竜の鋭惨爪,3
EXフィリアフォールド,2,1,7,2,7,6,1,72,134,-2,2,0,2,-4,チャンス,2,節食,2,ガード性能,1,,,,,EX天廻龍チケット,1,天廻龍の上鱗,5,天廻龍の尻尾,3,黒蝕竜の鋭惨爪,3
EXフィリアコート,2,2,7,2,7,6,1,36,67,-2,2,0,2,-3,チャンス,2,節食,2,反動,1,,,,,EX天廻龍チケット,1,天廻龍の上鱗,5,天廻龍の尻尾,3,黒蝕竜の鋭惨爪,3
アークＲフォールド,1,1,7,3,8,99,0,64,126,-2,2,0,2,-4,無傷,2,匠,1,,,,,,,獰猛な蝕龍鱗,1,天廻龍の堅殻,5,獰猛化黒蝕竜鱗,1,天廻龍素材(pts),8
アークＲコート,1,2,7,3,8,99,0,32,63,-2,2,0,2,-3,無傷,2,,,,,,,,,獰猛な蝕龍鱗,1,天廻龍の堅殻,5,獰猛化黒蝕竜鱗,1,天廻龍素材(pts),8
フィリアＲフォールド,2,1,7,3,8,99,0,64,126,-2,2,0,2,-4,無傷,2,匠,1,,,,,,,獰猛な蝕龍鱗,1,天廻龍の堅殻,5,獰猛化黒蝕竜鱗,1,天廻龍素材(pts),8
フィリアＲコート,2,2,7,3,8,99,0,32,63,-2,2,0,2,-3,無傷,2,,,,,,,,,獰猛な蝕龍鱗,1,天廻龍の堅殻,5,獰猛化黒蝕竜鱗,1,天廻龍素材(pts),8
クシャナＳアンダ,0,1,7,1,8,99,0,72,134,-1,2,-2,3,-3,耐暑,3,匠,3,毒,-2,,,,,鋼龍の堅殻,2,鋼龍の尖爪,2,鋼龍の尻尾,1,獄炎石,1
クシャナＳアドミ,0,2,7,1,8,99,0,36,67,-1,2,-2,5,-3,耐暑,2,速射,2,毒,-2,,,,,鋼龍の堅殻,2,鋼龍の尖爪,2,鋼龍の尻尾,1,獄炎石,1
EXクシャナアンダ,0,1,7,1,8,99,0,76,138,-1,2,-2,3,-3,跳躍,4,ガード性能,3,,,,,,,EX鋼龍チケット,1,鋼龍の堅殻,5,鋼龍の尖爪,5,鋼龍素材(pts),8
EXクシャナアドミ,0,2,7,1,8,99,0,38,69,-1,2,-2,5,-3,跳躍,4,装填速度,3,,,,,,,EX鋼龍チケット,1,鋼龍の堅殻,5,鋼龍の尖爪,5,鋼龍素材(pts),8
クシャナＲアンダ,0,1,7,1,8,99,0,68,130,-1,2,-2,3,-3,匠,4,毒,-4,,,,,,,古龍の浄血,1,獰猛な氷塊,2,鋼龍の尻尾,3,獰猛化素材(上位pts),8
クシャナＲアドミ,0,2,7,1,8,99,0,34,65,-1,2,-2,5,-3,装填数,4,毒,-4,,,,,,,古龍の浄血,1,獰猛な氷塊,2,鋼龍の尻尾,3,獰猛化素材(上位pts),8
ミヅハ覇【丸帯】,0,1,7,2,8,99,0,56,118,-5,1,0,2,-3,風圧,2,特殊攻撃,2,聴覚保護,1,,,,,霞龍の上皮,2,霞龍の尻尾,1,霞龍の尖爪,2,ノヴァクリスタル,1
トヨタマ覇【丸帯】,0,2,7,2,8,99,0,28,59,-4,1,0,2,-3,風圧,2,特殊攻撃,2,聴覚保護,1,,,,,霞龍の上皮,2,霞龍の尻尾,1,霞龍の尖爪,2,ノヴァクリスタル,1
EXミヅハ【丸帯】,0,1,7,0,8,99,0,60,122,-5,1,0,2,-3,聴覚保護,3,茸食,3,笛,2,,,,,EX霞龍チケット,1,霞龍の上皮,5,霞龍の尖爪,5,,
EXトヨタマ【丸帯】,0,2,7,0,8,99,0,30,61,-4,1,0,2,-3,聴覚保護,3,気配,2,茸食,2,,,,,EX霞龍チケット,1,霞龍の上皮,5,霞龍の尖爪,5,,
カイザーＳフォールド,0,1,7,0,8,99,0,66,128,4,-4,1,-1,-3,闘魂,4,毒,2,気力回復,2,,,,,獄炎の龍鱗,4,炎龍の塵粉,2,炎王龍の尻尾,1,古龍の血,3
カイザーＳコート,0,2,7,0,8,99,0,33,64,4,-3,1,-1,-3,闘魂,3,毒,2,気力回復,2,,,,,獄炎の龍鱗,4,炎龍の塵粉,2,炎王龍の尻尾,1,古龍の血,3
EXカイザーフォールド,0,1,7,0,8,99,0,70,132,4,-4,1,-1,-3,達人,4,回避性能,3,聴覚保護,2,,,,,EX炎王龍チケット,1,炎王龍の堅殻,5,炎龍の塵粉,4,,
EXカイザーコート,0,2,7,0,8,99,0,35,66,4,-3,1,-1,-3,達人,4,聴覚保護,2,回避性能,2,,,,,EX炎王龍チケット,1,炎王龍の堅殻,5,炎龍の塵粉,4,,
シルバーソルコイル,0,1,7,2,7,99,0,66,128,2,-6,-4,0,4,痛撃,2,会心強化,1,気絶,-2,,,,,銀火竜の堅殻,4,火竜の翼,3,火竜の骨髄,2,爆炎袋,3
シルバーソルコート,0,2,7,2,7,99,0,33,64,2,-5,-4,0,4,痛撃,2,会心強化,1,気絶,-2,,,,,銀火竜の堅殻,4,火竜の翼,3,火竜の骨髄,2,爆炎袋,3
EXＳ・ソルコイル,0,1,7,0,8,99,0,70,132,2,-6,-4,0,4,剥ぎ取り,4,護石王,2,剣術,-3,,,,,EX銀火竜チケット,1,銀火竜の上鱗,5,火竜の骨髄,3,,
EXＳ・ソルコート,0,2,7,0,8,99,0,35,66,2,-5,-4,0,4,剥ぎ取り,4,護石王,2,精密射撃,-3,,,,,EX銀火竜チケット,1,銀火竜の上鱗,5,火竜の骨髄,3,,
Ｓ・ソルＲコイル,0,1,7,0,8,99,0,62,124,2,-6,-4,0,4,会心強化,4,斬れ味,-4,,,,,,,獰猛化銀火竜鱗,1,銀火竜の上鱗,5,火竜の延髄,2,獰猛化素材(上位pts),8
Ｓ・ソルＲコート,0,2,7,0,8,99,0,31,62,2,-5,-4,0,4,会心強化,4,調合成功率,-4,,,,,,,獰猛化銀火竜鱗,1,銀火竜の上鱗,5,火竜の延髄,2,獰猛化素材(上位pts),8
ゴールドルナコイル,0,1,7,0,7,99,0,64,126,2,-4,-6,0,4,加護,3,回復量,3,節食,2,,,,,金火竜の上鱗,4,雌火竜の翼膜,5,火竜の煌液,3,獄炎石,2
ゴールドルナコート,0,2,7,0,7,99,0,32,63,2,-4,-5,0,4,加護,3,回復量,3,節食,2,,,,,金火竜の上鱗,4,雌火竜の翼膜,5,火竜の煌液,3,獄炎石,2
EXＧ・ルナコイル,0,1,7,0,8,99,0,68,130,2,-4,-6,0,4,運気,5,護石王,2,体力,-3,,,,,EX金火竜チケット,1,金火竜の上鱗,5,火竜の骨髄,3,,
EXＧ・ルナコート,0,2,7,0,8,99,0,34,65,2,-4,-5,0,4,運気,4,護石王,2,体力,-3,,,,,EX金火竜チケット,1,金火竜の上鱗,5,火竜の骨髄,3,,
怒天ノ帯,0,1,7,1,8,99,0,70,132,2,1,3,-6,2,無心,3,溜め短縮,2,斬れ味,1,,,,,羅刹の金角,1,金獅子の怒髪,1,金獅子の尖爪,1,黄金の毛,3
心滅ノ帯,0,2,7,1,8,99,0,35,66,2,1,3,-5,2,無心,3,弾薬節約,2,溜め短縮,1,,,,,羅刹の金角,1,金獅子の怒髪,1,金獅子の尖爪,1,黄金の毛,3
グリードフォールド,0,1,7,0,8,99,0,70,132,-2,-2,-5,-2,-2,匠,3,斬れ味,3,腹減り,-2,,,,,歴戦の漆黒皮,3,恐暴竜の大牙,2,恐暴竜の尻尾,2,古龍の浄血,1
グリードコート,0,2,7,1,8,99,0,35,66,-2,-2,-4,-2,-2,射法,3,通常弾強化,2,腹減り,-2,,,,,歴戦の漆黒皮,3,恐暴竜の大牙,2,恐暴竜の尻尾,2,古龍の浄血,1
グリードＲフォールド,0,1,7,3,8,99,0,66,128,-2,-2,-5,-2,-2,匠,2,,,,,,,,,獰猛化恐暴竜鱗,1,歴戦の漆黒皮,5,恐暴竜の尻尾,3,獰猛化素材(上位pts),8
グリードＲコート,0,2,7,3,8,99,0,33,64,-2,-2,-4,-2,-2,通常弾強化,2,,,,,,,,,獰猛化恐暴竜鱗,1,歴戦の漆黒皮,5,恐暴竜の尻尾,3,獰猛化素材(上位pts),8
アカムトイッケク,0,1,7,0,8,99,0,74,136,4,0,-3,2,-5,聴覚保護,3,剣術,2,鈍器,2,,,,,覇竜の堅殻,4,覇竜の大牙,3,覇竜の尻尾,1,爆炎袋,5
アカムトイッケタリ,0,2,7,0,8,99,0,37,68,4,0,-3,2,-4,聴覚保護,3,精密射撃,2,貫通弾強化,2,,,,,覇竜の堅殻,4,覇竜の大牙,3,覇竜の尻尾,1,爆炎袋,5
アカムトＲイッケク,0,1,7,1,8,99,0,70,132,4,0,-3,2,-5,聴覚保護,5,,,,,,,,,大竜結晶,1,獰猛な炎鱗,2,覇竜の堅殻,6,獰猛化素材(上位pts),8
アカムトＲイッケタリ,0,2,7,1,8,99,0,35,66,4,0,-3,2,-4,聴覚保護,5,,,,,,,,,大竜結晶,1,獰猛な炎鱗,2,覇竜の堅殻,6,獰猛化素材(上位pts),8
ウカムルイッケク,0,1,7,0,8,99,0,80,142,-4,0,-3,4,-2,攻撃,4,斬れ味,2,回復量,2,,,,,崩竜の堅殻,4,崩竜の穿爪,3,崩竜の上ヒレ,2,凍結袋,5
ウカムルイッケタリ,0,2,7,0,8,99,0,40,71,-4,0,-3,4,-2,攻撃,4,散弾強化,2,回復量,2,,,,,崩竜の堅殻,4,崩竜の穿爪,3,崩竜の上ヒレ,2,凍結袋,5
荒天【帯】,0,1,7,0,8,99,0,70,132,-3,4,0,0,-5,本気,4,回避性能,3,研ぎ師,-2,,,,,嵐龍の尻尾,1,嵐龍の飛膜,4,嵐龍の堅殻,5,極彩色の体液,3
蒼天【帯】,0,2,7,0,8,99,0,35,66,-3,5,0,0,-5,回避性能,3,本気,3,精密射撃,-2,,,,,嵐龍の尻尾,1,嵐龍の飛膜,4,嵐龍の堅殻,5,極彩色の体液,3
荒天亜流【帯】,0,1,7,1,8,99,0,66,128,-3,4,0,0,-5,本気,5,研ぎ師,-2,,,,,,,嵐龍の尻尾,3,獰猛な水袋,2,古龍の浄血,1,獰猛化素材(上位pts),8
蒼天亜流【帯】,0,2,7,1,8,99,0,33,64,-3,5,0,0,-5,本気,5,精密射撃,-2,,,,,,,嵐龍の尻尾,3,獰猛な水袋,2,古龍の浄血,1,獰猛化素材(上位pts),8
骸装甲・覇【腰骨】,0,1,7,1,8,99,0,70,132,-1,-1,-1,-1,-2,逆上,2,窮地,2,回復速度,-3,,,,,尖骸棘殻,3,発光する上粘液,1,骸棘殻,2,尖竜骨,4
屍装甲・覇【腰骨】,0,2,7,1,8,99,0,35,66,-1,-1,-1,-1,-1,逆上,2,窮地,2,回復速度,-3,,,,,尖骸棘殻,3,発光する上粘液,1,骸棘殻,2,尖竜骨,4
アスリスタコイル,0,1,7,1,8,99,0,70,132,0,2,1,1,-4,チャンス,2,無心,2,気まぐれ,-2,,,,,骸龍の青斑皮,4,骸龍の烏賊骨,2,発光する上粘液,1,爆鎚竜の骨髄,2
アスリスタコート,0,2,7,1,8,99,0,35,66,0,2,1,1,-3,チャンス,2,無心,2,気まぐれ,-2,,,,,骸龍の青斑皮,4,骸龍の烏賊骨,2,発光する上粘液,1,爆鎚竜の骨髄,2
エスカドラマイト,0,1,7,0,8,99,0,76,138,0,0,0,0,-4,属性耐性,3,属性攻撃,2,属性会心,2,,,,,煌黒龍の翼膜,1,煌黒龍の尻尾,1,煌黒龍の逆鱗,4,轟竜の頭殻,3
エスカドラフォルス,0,2,7,0,8,99,0,38,69,0,0,0,0,-4,属性耐性,2,属性攻撃,2,属性会心,2,,,,,煌黒龍の翼膜,1,煌黒龍の尻尾,1,煌黒龍の逆鱗,4,轟竜の頭殻,3
エスカドラＲマイト,0,1,7,1,8,99,0,72,134,0,0,0,0,-4,属性耐性,5,属性会心,1,,,,,,,煌黒龍の尻尾,3,獰猛な蝕龍鱗,2,古龍の浄血,1,獰猛化素材(上位pts),8
エスカドラＲフォルス,0,2,7,1,8,99,0,36,67,0,0,0,0,-4,属性耐性,5,属性会心,1,,,,,,,煌黒龍の尻尾,3,獰猛な蝕龍鱗,2,古龍の浄血,1,獰猛化素材(上位pts),8
異形フォールド,0,1,5,0,4,99,0,44,106,1,1,1,1,3,体力,3,笛,2,重撃,2,,,,,異形の骨,1,紫毒姫の甲殻,3,堅牢な骨,3,電気袋,4
異形コート,0,2,5,0,4,99,0,22,53,2,2,2,2,3,体力,3,笛,2,重撃,2,,,,,異形の骨,1,紫毒姫の甲殻,3,堅牢な骨,3,電気袋,4
LV1 紅兜フォールド,0,1,X,0,2,2,1,26,48,-2,2,1,-1,0,体術,3,防御,2,,,,,,,紅兜狩猟の証１,1,紅兜の毛,3,青熊獣の毛,5,異形の骨,2
LV1 紅兜コート,0,2,X,0,2,2,1,13,24,-2,3,1,-1,0,体術,3,防御,2,,,,,,,紅兜狩猟の証１,1,紅兜の毛,3,青熊獣の毛,5,異形の骨,2
LV6 紅兜フォールド,0,1,X,0,6,2,1,54,116,-2,2,1,-1,0,体術,3,防御,2,紅兜,2,,,,,紅兜狩猟の証６,1,紅兜の毛,2,,,,
LV6 紅兜コート,0,2,X,0,6,2,1,27,58,-2,3,1,-1,0,体術,3,防御,2,紅兜,2,,,,,紅兜狩猟の証６,1,紅兜の毛,2,,,,
LV1 大雪主フォールド,0,1,X,0,2,99,0,22,44,-4,3,-2,4,0,回復速度,3,跳躍,2,,,,,,,大雪主狩猟の証１,1,大雪主の毛,2,白兎獣の腹甲,5,異形の骨,2
LV1 大雪主コート,0,2,X,0,2,99,0,11,22,-4,3,-2,5,0,回復速度,3,跳躍,2,,,,,,,大雪主狩猟の証１,1,大雪主の毛,2,白兎獣の腹甲,5,異形の骨,2
LV6 大雪主フォールド,0,1,X,0,6,99,0,50,112,-4,3,-2,4,0,回復速度,3,跳躍,2,大雪主,2,,,,,大雪主狩猟の証６,1,大雪主の腹甲,2,,,,
LV6 大雪主コート,0,2,X,0,6,99,0,25,56,-4,3,-2,5,0,回復速度,3,跳躍,2,大雪主,2,,,,,大雪主狩猟の証６,1,大雪主の腹甲,2,,,,
LV1 矛砕フォールド,0,1,X,0,2,99,0,30,52,0,4,-4,0,0,泡沫,2,窮地,2,,,,,,,矛砕狩猟の証１,1,矛砕の甲殻,3,盾蟹の爪,5,竜骨【大】,4
LV1 矛砕コート,0,2,X,0,2,99,0,15,26,0,5,-4,0,0,泡沫,2,窮地,2,,,,,,,矛砕狩猟の証１,1,矛砕の甲殻,3,盾蟹の爪,5,竜骨【大】,4
LV6 矛砕フォールド,0,1,X,0,6,99,0,58,120,0,4,-4,0,0,泡沫,2,窮地,2,矛砕,3,,,,,矛砕狩猟の証６,1,矛砕の爪,2,,,,
LV6 矛砕コート,0,2,X,0,6,99,0,29,60,0,5,-4,0,0,泡沫,2,窮地,2,矛砕,2,,,,,矛砕狩猟の証６,1,矛砕の爪,2,,,,
LV1 紫毒姫フォールド,0,1,X,0,2,99,0,30,52,4,0,-1,0,-3,達人,3,特殊会心,2,,,,,,,紫毒姫狩猟の証１,1,紫毒姫の鱗,2,雌火竜の翼膜,4,異形の骨,2
LV1 紫毒姫コート,0,2,X,0,2,99,0,15,26,4,1,-1,1,-3,達人,3,特殊会心,2,,,,,,,紫毒姫狩猟の証１,1,紫毒姫の鱗,2,雌火竜の翼膜,4,異形の骨,2
LV6 紫毒姫フォールド,0,1,X,0,7,99,0,58,120,4,0,-1,0,-3,達人,3,特殊会心,2,紫毒姫,3,,,,,紫毒姫狩猟の証６,1,紫毒姫の甲殻,2,,,,
LV6 紫毒姫コート,0,2,X,0,7,99,0,29,60,4,1,-1,1,-3,達人,3,特殊会心,2,紫毒姫,2,,,,,紫毒姫狩猟の証６,1,紫毒姫の甲殻,2,,,,
LV1 岩穿フォールド,0,1,X,0,4,99,0,52,72,3,-3,-2,0,0,ガード性能,3,痛撃,2,,,,,,,岩穿狩猟の証１,1,岩穿の鱗,3,鬼蛙の上鱗,4,堅牢な骨,4
LV1 岩穿コート,0,2,X,0,4,99,0,26,36,4,-3,-2,1,1,装填速度,3,痛撃,2,,,,,,,岩穿狩猟の証１,1,岩穿の鱗,3,鬼蛙の上鱗,4,堅牢な骨,4
LV6 岩穿フォールド,0,1,X,0,6,99,0,76,106,3,-3,-2,0,0,ガード性能,3,痛撃,2,岩穿,2,,,,,岩穿狩猟の証６,1,岩穿の鱗,2,,,,
LV6 岩穿コート,0,2,X,0,6,99,0,38,53,4,-3,-2,1,1,装填速度,3,痛撃,2,岩穿,2,,,,,岩穿狩猟の証６,1,岩穿の鱗,2,,,,
LV1 白疾風フォールド,0,1,X,0,5,2,1,44,64,-2,1,-3,0,0,会心強化,2,回避距離,2,,,,,,,白疾風狩猟の証１,1,白疾風の黒毛,3,迅竜の鋭刃翼,4,迅竜の尻尾,3
LV1 白疾風コート,0,2,X,0,5,2,1,22,32,-2,1,-3,1,1,会心強化,2,回避距離,2,,,,,,,白疾風狩猟の証１,1,白疾風の黒毛,3,迅竜の鋭刃翼,4,迅竜の尻尾,3
LV6 白疾風フォールド,0,1,X,0,7,2,1,68,98,-2,1,-3,0,0,会心強化,2,回避距離,2,白疾風,2,,,,,白疾風狩猟の証６,1,白疾風の黒毛,2,,,,
LV6 白疾風コート,0,2,X,0,7,2,1,34,49,-2,1,-3,1,1,会心強化,2,回避距離,2,白疾風,2,,,,,白疾風狩猟の証６,1,白疾風の黒毛,2,,,,
LV1 宝纏フォールド,0,1,X,0,5,99,0,70,90,4,-4,1,1,-2,チャンス,3,運気,3,,,,,,,宝纏狩猟の証１,1,宝纏の鱗,3,爆鎚竜の上鱗,5,尖竜骨,4
LV1 宝纏コート,0,2,X,0,5,99,0,35,45,5,-4,1,1,-2,チャンス,3,運気,3,,,,,,,宝纏狩猟の証１,1,宝纏の鱗,3,爆鎚竜の上鱗,5,尖竜骨,4
LV6 宝纏フォールド,0,1,X,0,7,99,0,94,124,4,-4,1,1,-2,チャンス,3,運気,3,宝纏,2,,,,,宝纏狩猟の証６,1,宝纏の宝顎,2,,,,
LV6 宝纏コート,0,2,X,0,7,99,0,47,62,5,-4,1,1,-2,チャンス,3,運気,3,宝纏,2,,,,,宝纏狩猟の証６,1,宝纏の宝顎,2,,,,
LV1 隻眼フォールド,0,1,X,0,5,99,0,66,86,2,-4,2,-2,0,根性,3,連撃,2,,,,,,,隻眼狩猟の証１,1,隻眼の鱗,4,黒狼鳥の尻尾,2,異形の骨,2
LV1 隻眼コート,0,2,X,0,5,99,0,33,43,3,-4,3,-2,0,根性,3,連撃,2,,,,,,,隻眼狩猟の証１,1,隻眼の鱗,4,黒狼鳥の尻尾,2,異形の骨,2
LV6 隻眼フォールド,0,1,X,0,7,99,0,90,120,2,-4,2,-2,0,根性,3,連撃,2,隻眼,2,,,,,隻眼狩猟の証６,1,隻眼の甲殻,2,,,,
LV6 隻眼コート,0,2,X,0,7,99,0,45,60,3,-4,3,-2,0,根性,3,連撃,2,隻眼,2,,,,,隻眼狩猟の証６,1,隻眼の甲殻,2,,,,
LV1 黒炎王フォールド,0,1,X,0,6,99,0,68,88,5,0,-2,0,-3,聴覚保護,3,痛撃,2,,,,,,,黒炎王狩猟の証１,1,黒炎王の甲殻,3,火竜の尻尾,3,堅竜骨,5
LV1 黒炎王コート,0,2,X,0,6,99,0,34,44,5,1,-2,1,-3,聴覚保護,3,痛撃,2,,,,,,,黒炎王狩猟の証１,1,黒炎王の甲殻,3,火竜の尻尾,3,堅竜骨,5
LV6 黒炎王フォールド,0,1,X,0,7,99,0,92,122,5,0,-2,0,-3,聴覚保護,3,痛撃,2,黒炎王,3,,,,,黒炎王狩猟の証６,1,黒炎王の堅殻,2,,,,
LV6 黒炎王コート,0,2,X,0,7,99,0,46,61,5,1,-2,1,-3,聴覚保護,3,痛撃,2,黒炎王,2,,,,,黒炎王狩猟の証６,1,黒炎王の堅殻,2,,,,
LV1 金雷公フォールド,0,1,X,0,6,99,0,68,88,0,0,4,-3,1,狂撃耐性,2,スタミナ,2,,,,,,,金雷公狩猟の証１,1,金雷公の甲殻,3,雷狼竜の尻尾,2,堅竜骨,4
LV1 金雷公コート,0,2,X,0,6,99,0,34,44,0,0,5,-3,1,狂撃耐性,2,スタミナ,2,,,,,,,金雷公狩猟の証１,1,金雷公の甲殻,3,雷狼竜の尻尾,2,堅竜骨,4
LV6 金雷公フォールド,0,1,X,0,7,99,0,92,122,0,0,4,-3,1,狂撃耐性,2,スタミナ,2,金雷公,2,,,,,金雷公狩猟の証６,1,金雷公の甲殻,2,,,,
LV6 金雷公コート,0,2,X,0,7,99,0,46,61,0,0,5,-3,1,狂撃耐性,2,スタミナ,2,金雷公,2,,,,,金雷公狩猟の証６,1,金雷公の甲殻,2,,,,
LV1 荒鉤爪フォールド,0,1,X,0,6,99,0,70,90,2,1,-4,1,-2,抜刀会心,2,重撃,2,,,,,,,荒鉤爪狩猟の証１,1,荒鉤爪の甲殻,3,轟竜の尻尾,3,異形の骨,2
LV1 荒鉤爪コート,0,2,X,0,6,99,0,35,45,3,1,-4,1,-2,通常弾強化,2,重撃,2,,,,,,,荒鉤爪狩猟の証１,1,荒鉤爪の甲殻,3,轟竜の尻尾,3,異形の骨,2
LV6 荒鉤爪フォールド,0,1,X,0,7,99,0,94,124,2,1,-4,1,-2,抜刀会心,2,重撃,2,荒鉤爪,2,,,,,荒鉤爪狩猟の証６,1,荒鉤爪の鱗,2,,,,
LV6 荒鉤爪コート,0,2,X,0,7,99,0,47,62,3,1,-4,1,-2,通常弾強化,2,重撃,2,荒鉤爪,2,,,,,荒鉤爪狩猟の証６,1,荒鉤爪の鱗,2,,,,
LV1 燼滅刃フォールド,0,1,X,0,6,99,0,70,90,4,-3,1,-2,0,研磨術,2,加護,2,,,,,,,燼滅刃狩猟の証１,1,燼滅刃の甲殻,2,斬竜の尻尾,2,異形の骨,2
LV1 燼滅刃コート,0,2,X,0,6,99,0,35,45,4,-3,1,-2,0,研磨術,2,加護,2,,,,,,,燼滅刃狩猟の証１,1,燼滅刃の甲殻,2,斬竜の尻尾,2,異形の骨,2
LV6 燼滅刃フォールド,0,1,X,0,7,99,0,94,124,4,-3,1,-2,0,研磨術,2,加護,2,燼滅刃,3,,,,,燼滅刃狩猟の証６,1,燼滅刃の鱗,2,,,,
LV6 燼滅刃コート,0,2,X,0,7,99,0,47,62,4,-3,1,-2,0,研磨術,2,加護,2,燼滅刃,2,,,,,燼滅刃狩猟の証６,1,燼滅刃の鱗,2,,,,
瑞星【腰当て】,1,1,3,0,2,99,0,24,86,1,1,1,1,1,スタミナ,2,本気,2,気絶,-2,,,,,スタジオパス,1,斬竜の尾刃片,3,斬竜の鱗,4,青熊獣の毛,4
景星【腰当て】,1,2,3,0,2,99,0,12,43,2,2,2,2,2,スタミナ,2,本気,2,気絶,-2,,,,,スタジオパス,1,斬竜の尾刃片,3,斬竜の鱗,4,青熊獣の毛,4
夢見【腰当て】,2,1,3,1,2,99,0,24,86,1,1,1,1,1,本気,3,スタミナ,2,連撃,1,,,,,スタジオパス,1,斬竜の尾刃片,3,斬竜の鱗,4,青熊獣の毛,4
夢語【腰当て】,2,2,3,1,2,99,0,12,43,2,2,2,2,2,本気,3,スタミナ,2,連撃,1,,,,,スタジオパス,1,斬竜の尾刃片,3,斬竜の鱗,4,青熊獣の毛,4
坊屋ベルト,0,1,5,0,5,99,0,50,112,2,2,2,2,2,攻撃,5,気力回復,2,気配,-3,,,,,クローズコイン,1,黒狼鳥の堅殻,3,イーオスの大上皮,5,迅竜の尻尾,2
坊屋バックル,0,2,5,0,5,99,0,25,56,3,3,3,3,3,攻撃,5,気力回復,2,気配,-3,,,,,クローズコイン,1,黒狼鳥の堅殻,3,イーオスの大上皮,5,迅竜の尻尾,2
海賊Ｊコイル,0,1,6,0,6,99,0,52,114,0,0,0,0,0,運気,3,護石王,2,気まぐれ,-2,,,,,海賊Ｊチケット,1,獰猛化溶岩竜鱗,1,溶岩竜の上鱗,5,炎戈竜の尻尾,2
海賊Ｊスカート,0,2,6,0,6,99,0,26,57,0,0,0,0,0,運気,3,護石王,2,気まぐれ,-2,,,,,海賊Ｊチケット,1,獰猛化溶岩竜鱗,1,溶岩竜の上鱗,5,炎戈竜の尻尾,2
スターナイトコイル,0,1,6,1,4,99,0,52,114,1,1,1,1,1,広域,3,研磨術,2,跳躍,2,,,,,スタジオＷパス,1,巨獣の剛毛,4,斬竜の鋭牙,3,巨獣の牙,4
スターナイトコート,0,2,6,1,4,99,0,26,57,2,2,2,2,2,広域,3,研磨術,2,跳躍,2,,,,,スタジオＷパス,1,巨獣の剛毛,4,斬竜の鋭牙,3,巨獣の牙,4
ライクロリングベルト,0,1,6,1,6,99,0,54,116,0,-1,4,-2,1,気絶,3,聴覚保護,2,回避距離,1,,,,,ユニクロＳコイン,1,電竜の鋭翼爪,3,電竜の鋏尾,2,キリンの雷尾,2
ライクロポーチ,0,2,6,1,6,99,0,27,58,0,-1,5,-2,1,気絶,3,聴覚保護,2,回避距離,1,,,,,ユニクロＳコイン,1,電竜の鋭翼爪,3,電竜の鋏尾,2,キリンの雷尾,2
大海賊Ｊコイル,0,1,6,3,6,99,0,56,118,-4,-4,-4,-4,-4,運気,3,剥ぎ取り,1,捕獲,1,,,,,海賊Ｊチケット,1,獰猛化溶岩竜鱗,1,溶岩竜の上ヒレ,3,炎戈竜の上皮,4
大海賊Ｊスカート,0,2,6,3,6,99,0,28,59,-3,-3,-3,-3,-3,運気,3,剥ぎ取り,1,捕獲,1,,,,,海賊Ｊチケット,1,獰猛化溶岩竜鱗,1,溶岩竜の上ヒレ,3,炎戈竜の上皮,4
ブルースターコイル,0,1,6,2,4,99,0,56,118,1,1,1,1,1,耐震,2,体術,2,,,,,,,スタジオＸパス,1,泡狐竜の上鱗,5,昏睡袋,3,砕竜の甲殻,5
ブルースターコート,0,2,6,2,4,99,0,28,59,2,2,2,2,2,体術,2,采配,2,,,,,,,スタジオＸパス,1,泡狐竜の上鱗,5,昏睡袋,3,砕竜の甲殻,5
瑞星・覇【腰当て】,1,1,7,0,4,99,0,64,126,1,1,1,1,1,スタミナ,2,本気,2,気絶,-2,,,,,スタジオＧパス,1,獰猛化斬竜鱗,1,電竜の鋭翼爪,4,斬竜の尻尾,2
景星・覇【腰当て】,1,2,7,0,4,99,0,32,63,2,2,2,2,2,スタミナ,2,本気,2,気絶,-2,,,,,スタジオＧパス,1,獰猛化斬竜鱗,1,電竜の鋭翼爪,4,斬竜の尻尾,2
夢見・覇【腰当て】,2,1,7,1,4,99,0,64,126,1,1,1,1,1,本気,3,スタミナ,2,連撃,1,,,,,スタジオＧパス,1,獰猛化斬竜鱗,1,電竜の鋭翼爪,4,斬竜の尻尾,2
夢語・覇【腰当て】,2,2,7,1,4,99,0,32,63,2,2,2,2,2,本気,3,スタミナ,2,連撃,1,,,,,スタジオＧパス,1,獰猛化斬竜鱗,1,電竜の鋭翼爪,4,斬竜の尻尾,2
スタールークコイル,0,1,7,0,4,99,0,64,126,0,0,0,0,0,ガード性能,3,斬れ味,2,装填数,2,,,,,スタジオＧパス,1,獰猛化電竜鱗,1,斬竜の焔状殻,3,電竜の鋏尾,2
スタールークコート,0,2,7,0,4,99,0,32,63,0,0,0,0,0,精密射撃,3,装填速度,2,装填数,2,,,,,スタジオＧパス,1,獰猛化電竜鱗,1,斬竜の焔状殻,3,電竜の鋏尾,2
勇者のベルト,0,1,7,1,4,99,0,64,126,2,2,2,2,2,剣術,2,無傷,2,効果持続,2,,,,,トライフォース,1,砕竜の堅殻,3,夜鳥の鋭翼爪,3,潜口竜の皮,3
勇者のバンド,0,2,7,1,4,99,0,32,63,3,3,3,3,3,装填数,2,無傷,2,効果持続,2,,,,,トライフォース,1,砕竜の堅殻,3,夜鳥の鋭翼爪,3,潜口竜の皮,3
王者のベルト,0,1,7,0,6,99,0,66,128,4,4,4,4,4,闘魂,3,食事,3,気配,-2,,,,,地下闘技場入場券,1,獰猛化巨獣毛,1,金獅子の尻尾,2,千刃竜の槍尾,3
強者のベルト,0,2,7,0,6,99,0,33,64,5,5,5,5,5,闘魂,3,食事,3,気配,-2,,,,,地下闘技場入場券,1,獰猛化巨獣毛,1,金獅子の尻尾,2,千刃竜の槍尾,3
ゾディアスコイル,0,1,7,1,8,99,0,68,130,1,1,1,1,1,回避性能,3,無心,2,跳躍,1,,,,,冥天の星くず,1,獄炎の龍鱗,4,炎王龍の尻尾,2,古龍の浄血,2
ゾディアスコート,0,2,7,1,8,99,0,34,65,2,2,2,2,2,回避性能,3,無心,2,跳躍,1,,,,,冥天の星くず,1,獄炎の龍鱗,4,炎王龍の尻尾,2,古龍の浄血,2
飛竜の帯・空,0,1,7,0,8,99,0,60,122,2,2,2,2,2,跳躍,1,気力回復,2,回避距離,4,,,,,ドラグライト鉱石,8,千刃竜の飛刃,3,歴戦の漆黒皮,2,オプション,1
飛竜の帯・地,0,2,7,0,8,99,0,30,61,2,2,3,2,2,跳躍,1,気力回復,2,回避距離,4,,,,,ドラグライト鉱石,8,千刃竜の飛刃,3,歴戦の漆黒皮,2,オプション,1
スターロードベルト,0,1,7,2,8,99,0,62,124,3,0,0,0,3,会心強化,3,痛撃,1,狂撃耐性,2,,,,,大猪の皮,6,獰猛化銀火竜鱗,1,骸龍の青斑皮,2,シーリングシールド,1
スターロードクローク,0,2,7,2,8,99,0,31,62,3,0,0,0,4,会心強化,3,痛撃,1,狂撃耐性,2,,,,,大猪の皮,6,獰猛化銀火竜鱗,1,骸龍の青斑皮,2,シーリングシールド,1
